997
1
2
3
4
5
6
7
8
9
10
11
12
13
14
15
16
17
18
19
20
21
22
23
24
25
26
27
28
29
30
31
32
33
34
35
36
37
38
39
40
41
42
43
44
45
46
47
48
49
50
51
52
53
54
55
56
57
58
59
60
61
62
63
64
65
66
67
68
69
70
71
72
73
74
75
76
77
78
79
80
81
82
84
86
87
88
89
90
91
92
93
94
95
96
98
100
102
103
104
105
106
107
108
110
111
112
113
114
115
116
118
119
120
121
122
123
124
125
127
128
129
130
131
132
133
134
135
137
138
139
140
141
142
144
145
146
147
148
149
150
151
152
153
154
156
157
158
159
160
161
162
163
164
165
166
167
168
169
170
171
173
174
175
176
177
178
179
180
181
182
183
185
186
188
191
193
194
196
197
200
201
202
203
204
205
207
208
209
210
211
212
214
215
216
218
219
220
221
222
223
224
225
226
227
228
229
231
232
234
235
236
237
238
239
240
241
242
243
245
248
249
251
252
255
256
258
259
260
261
263
264
265
267
268
269
270
271
272
273
275
276
277
278
279
280
281
282
284
285
287
288
291
293
294
295
296
297
298
299
300
302
304
307
308
309
310
311
312
313
314
315
316
319
320
321
323
324
325
326
327
328
329
330
331
332
334
335
337
338
339
340
341
342
343
346
347
348
349
350
351
352
354
355
356
358
359
360
363
364
365
366
367
368
369
370
371
372
373
374
376
377
378
379
380
383
384
386
387
388
389
390
391
393
395
396
398
399
401
403
404
405
407
408
409
412
414
415
416
417
418
419
420
421
422
423
424
425
428
429
430
432
433
434
435
437
439
441
442
443
445
447
448
449
450
451
452
453
454
455
457
458
460
461
462
464
465
466
467
469
472
474
475
476
478
480
482
484
486
488
489
490
491
495
496
497
498
499
500
502
503
505
506
507
508
509
510
511
512
513
514
518
519
520
521
523
524
525
528
530
531
532
533
534
535
536
537
539
541
542
543
544
545
547
548
549
550
551
552
555
556
557
558
559
560
561
562
565
566
569
570
571
572
573
575
576
579
580
581
583
584
586
587
589
590
592
593
594
596
600
602
603
604
605
607
609
610
611
613
614
615
617
619
620
622
623
624
625
627
628
629
631
632
634
635
636
638
639
641
642
643
645
647
648
649
650
652
654
656
658
659
661
663
664
666
667
669
671
672
673
674
676
679
681
682
683
685
686
688
690
691
692
694
695
696
697
698
699
700
701
702
705
706
707
710
711
715
716
717
718
720
721
722
724
725
727
728
729
731
732
733
734
736
737
739
741
744
747
748
750
751
754
756
757
758
759
761
762
763
764
765
766
767
768
771
772
774
776
777
780
781
782
783
785
789
790
791
792
793
795
796
797
799
800
802
803
804
805
807
808
809
812
814
815
817
818
819
820
821
822
823
825
828
829
830
832
834
836
837
839
840
841
842
844
845
846
848
850
852
854
855
857
858
859
860
861
863
865
866
867
868
869
870
871
872
875
877
879
883
884
887
891
892
893
894
895
897
898
900
902
904
906
908
909
911
912
913
914
916
917
920
921
923
925
926
928
931
934
936
937
938
941
942
944
946
948
949
950
951
953
955
956
957
958
959
960
961
962
964
965
966
968
970
971
972
973
974
975
977
978
980
985
986
987
988
989
991
993
994
995
996
998
999
1001
1004
1005
1006
1008
1009
1010
1013
1016
1019
1020
1022
1023
1025
1028
1029
1030
1031
1034
1035
1036
1037
1041
1043
1045
1046
1047
1048
1049
1051
1054
1055
1056
1058
1062
1064
1065
1067
1069
1070
1071
1073
1076
1077
1078
1080
1081
1082
1084
1087
1088
1090
1091
1093
1095
1096
1097
1098
1100
1103
1105
1107
1108
1111
1113
1116
1117
1118
1119
1122
1123
1124
1126
1127
1129
1130
1131
1134
1139
1141
1143
1145
1147
1148
1150
1151
1153
1154
1156
1157
1160
1164
1166
1168
1170
1172
1174
1176
1177
1178
1179
1180
1181
1183
1185
1187
1189
1190
1192
1193
1195
1197
1199
1200
1201
1202
1203
1204
1207
1209
1212
1213
1217
1219
1222
1224
1225
1227
1231
1232
1233
1235
1237
1238
1240
1243
1245
1247
1249
1250
1252
1255
1257
1259
1261
1262
1263
1265
1266
1268
1271
1274
1276
1278
1279
1281
1282
1286
1287
1289
1292
1295
1296
1300
1302
1304
1305
1306
1309
1312
1313
1315
1320
1322
1324
1328
1329
1330
1331
1334
1336
1337
1341
1343
1345
1347
1348
1351
1353
1354
1355
1357
1359
1360
1362
1363
1364
1366
1367
1372
1373
1374
1376
1377
1379
1381
1384
1385
1388
1389
1390
1393
1394
1396
1397
1398
1400
1402
1405
1406
1407
1410
1412
1413
1415
1416
1419
1422
1427
1429
1430
1434
1435
1437
1438
1440
1441
1443
1445
1448
1450
1454
1456
1458
1460
1462
1463
1465
1466
1469
1470
1473
1475
1476
1477
1
2
3
4
5
6
7
8
9
10
11
12
13
14
15
16
17
18
19
20
21
22
23
24
25
26
27
28
29
30
31
32
33
34
35
36
37
38
39
40
41
42
43
44
45
46
47
48
49
50
51
52
53
54
55
56
57
58
59
60
61
62
63
64
65
66
67
68
69
70
71
72
73
74
75
76
77
78
79
80
81
82
84
86
87
88
89
90
91
92
93
94
95
96
98
100
102
103
104
105
106
107
108
110
111
112
113
114
115
116
118
119
120
121
122
123
124
125
127
128
129
130
131
132
133
134
135
137
138
139
140
141
142
145
146
147
148
149
150
151
152
153
154
155
158
159
160
161
162
163
164
165
166
167
168
169
170
171
172
173
175
176
177
178
179
180
181
182
183
184
185
187
188
190
193
195
196
200
201
205
206
207
208
209
210
212
213
214
215
216
217
219
220
221
223
224
227
228
229
230
231
232
233
234
235
236
238
239
241
242
243
244
245
246
247
248
249
250
252
255
256
258
259
262
263
265
266
267
268
271
272
273
275
276
277
278
279
280
282
284
285
286
287
288
289
290
291
293
294
296
297
300
303
304
305
306
307
308
309
310
312
316
319
320
321
322
323
324
325
326
327
328
331
332
333
335
336
337
338
339
340
341
342
343
344
346
347
350
351
352
353
354
355
356
359
360
361
362
363
364
365
367
368
369
371
372
373
377
378
381
382
383
384
385
386
387
388
389
390
393
394
395
396
397
401
402
406
407
408
409
410
411
414
419
420
422
423
425
427
428
429
432
433
434
437
439
440
441
442
443
444
445
446
447
448
449
450
456
457
458
463
464
465
466
468
470
472
473
474
476
478
479
480
481
482
483
484
487
489
495
496
501
502
505
507
509
512
515
517
521
525
532
533
536
538
552
554
557
559
560
561
562
570
571
574
575
576
577
580
581
583
584
585
586
588
589
590
591
592
593
604
608
609
610
612
614
615
618
620
621
622
623
624
625
626
627
630
632
633
635
636
637
639
640
641
642
643
644
647
648
649
650
651
652
653
654
658
660
665
666
667
668
669
674
676
680
681
685
688
689
692
693
695
696
699
700
710
712
716
718
719
720
721
724
726
728
729
734
735
736
741
743
744
746
748
749
750
752
755
756
768
769
774
775
776
784
785
789
790
791
795
802
808
812
813
815
817
819
824
825
828
833
835
839
840
842
844
845
846
850
853
866
869
870
873
875
876
879
882
884
887
889
891
892
894
895
896
898
899
900
908
909
910
916
917
922
923
924
926
928
929
930
932
933
935
940
942
948
949
950
951
954
955
958
964
967
972
973
975
978
988
992
993
994
995
1000
1001
1007
1009
1010
1011
1012
1013
1017
1018
1020
1024
1025
1052
1057
1058
1059
1062
1070
1071
1076
1077
1078
1082
1083
1085
1089
1092
1098
1099
1101
1102
1108
1109
1110
1113
1115
1116
1124
1125
1126
1139
1140
1142
1143
1147
1151
1152
1153
1156
1173
1175
1182
1186
1187
1188
1189
1191
1192
1195
1197
1199
1201
1203
1204
1209
1210
1211
1212
1213
1218
1220
1228
1229
1230
1231
1232
1233
1234
1237
1239
1241
1246
1247
1266
1272
1273
1279
1281
1282
1285
1286
1293
1310
1315
1319
1342
1354
1359
1362
1366
1371
1390
1391
1392
1415
1418
1432
1439
1441
1444
1446
1466
1470
1478
1479
1480
1481
1482
1483
1489
1490
1506
1508
1514
1517
1520
1543
1552
1558
1559
1560
1565
1568
1572
1575
1576
1580
1586
1596
1598
1599
1602
1613
1614
1643
1644
1688
1696
1707
1726
1727
1728
1730
1776
1777
1780
1784
1787
1797
1816
1825
1843
1851
1852
1854
1857
1858
1863
1864
1872
1873
1878
1884
1904
1909
1932
1947
1949
1960
1966
1967
1968
1981
1991
1992
1994
1996
1997
1998
1999
2007
2012
2018
2019
2030
2033
2038
2052
2067
2094
2104
2106
2112
2128
2129
2141
2142
2147
2148
2151
2156
2160
2165
2169
2170
2207
2229
2251
2252
2254
2272
2307
2312
2313
2314
2317
2324
2325
2327
2328
2351
2352
2358
2360
2387
2409
2411
2412
2445
2460
2470
2488
2492
2510
2514
2523
2534
2553
2554
2564
2565
2617
2618
2663
2683
2686
2692
2742
2778
2779
2791
2795
2803
2807
2813
2828
2864
2866
2878
2879
2899
2903
2904
2924
2933
3012
3013
3026
3039
3046
3049
3050
3073
3147
3151
3152
3178
3250
3253
3254
3256
3298
3300
3301
3304
3363
3369
3433
3450
3516
3526
3527
3528
3530
3543
3706
3718
3724
3725
3728
3889
3902
3931
3932
3950
3960
3972
3976
4009
4137
4328
4329
4530
4583
4598
4601
4687
4780
4785
4894
5036
5037
5038
5041
5063
5079
5080
5153
5227
5272
5294
5295
5315
5471
5564
5574
5646
5647
5844
5889
5920
5989
5997
6000
6100
6214
6378
6403
6405
6662
6668
6807
7143
7592
7594
7779
7782
7878
8235
8291
8296
8557
8616
8635
9043
9124
9217
9283
9726
9847
9852
10393
10788
10811
11240
11889
12086
12690
12696
12722
12767
13113
13457
14209
14834
15472
16123
16570
16667
16968
16970
17691
17693
17832
18491
18515
18630
18677
19587
20126
20655
1
2
3
4
5
6
7
8
9
10
12
13
14
15
16
17
18
19
20
21
22
23
24
25
26
27
28
29
30
31
32
33
34
35
36
37
38
39
40
41
42
43
44
45
46
47
48
49
50
51
52
53
54
55
56
57
58
59
60
61
62
63
64
65
66
67
68
69
70
71
72
73
74
76
77
78
79
80
81
82
83
84
85
86
87
88
89
90
91
92
93
94
95
96
97
98
99
101
102
104
105
106
107
109
110
111
112
113
115
116
117
118
119
120
121
122
123
124
125
126
127
128
129
130
131
132
133
134
135
136
137
138
139
140
141
142
143
145
146
148
150
151
152
154
155
156
157
159
160
161
163
164
165
166
167
168
169
171
173
174
176
177
178
179
180
181
182
183
185
186
187
189
190
192
193
194
197
198
199
200
201
202
203
204
205
207
208
209
210
211
213
214
215
216
217
219
220
221
222
223
224
225
227
228
229
230
231
232
233
234
235
236
237
238
239
240
241
242
243
244
245
246
247
248
249
250
251
252
253
254
255
256
257
259
260
261
262
263
264
265
266
267
269
270
271
272
273
275
276
277
278
279
280
281
282
283
284
285
286
287
288
290
291
293
294
297
298
299
300
301
303
304
306
307
308
309
311
313
314
316
317
318
320
323
325
326
327
328
330
331
333
335
337
338
340
341
342
344
346
347
348
350
351
354
356
357
358
359
360
362
363
364
367
368
369
371
372
373
374
375
376
379
382
385
386
387
388
389
390
391
395
400
401
402
403
406
407
408
409
410
414
415
417
418
419
420
421
422
424
425
426
428
429
430
431
432
433
434
435
437
438
439
440
442
443
444
445
447
449
450
452
453
455
459
460
461
462
464
465
467
468
471
472
473
474
479
480
481
482
483
484
485
489
490
492
493
494
495
496
498
499
500
502
503
505
507
508
509
510
511
512
514
516
517
518
519
520
521
522
523
525
526
527
528
535
539
540
541
542
543
546
547
550
551
554
555
557
558
560
561
562
563
565
570
571
572
574
575
581
582
588
590
593
595
597
599
600
601
602
603
607
608
609
612
614
615
616
617
618
620
621
624
625
626
628
629
630
631
635
636
637
640
641
642
643
645
646
647
651
652
653
661
664
666
667
669
671
674
675
676
677
682
683
684
687
690
691
692
693
697
698
701
702
703
706
710
711
712
713
715
716
717
718
719
720
726
727
731
732
733
735
738
739
740
743
744
745
751
752
753
754
755
757
761
769
770
771
772
773
777
778
779
783
785
786
787
788
789
791
794
795
796
797
799
803
805
806
808
809
810
811
812
816
817
818
824
827
828
830
831
832
836
837
838
841
842
844
845
847
849
851
852
853
854
856
857
859
862
863
866
867
868
873
876
880
881
883
884
886
887
888
892
896
899
900
901
902
903
906
908
912
915
916
918
919
924
925
928
929
930
932
936
939
941
942
946
953
954
956
957
962
966
972
973
976
977
981
982
983
986
987
989
991
992
997
998
999
1001
1002
1003
1007
1008
1013
1019
1020
1027
1033
1034
1042
1045
1046
1055
1063
1070
1071
1076
1080
1089
1092
1093
1094
1096
1100
1103
1109
1113
1114
1117
1118
1119
1125
1127
1129
1130
1133
1136
1138
1142
1146
1151
1152
1155
1156
1157
1160
1165
1166
1168
1177
1179
1180
1185
1190
1193
1197
1198
1199
1202
1204
1209
1215
1216
1217
1220
1226
1232
1236
1239
1243
1244
1248
1249
1251
1253
1255
1262
1263
1264
1266
1270
1271
1275
1279
1287
1288
1290
1291
1293
1295
1297
1304
1306
1307
1310
1311
1315
1316
1317
1319
1320
1323
1325
1331
1336
1351
1357
1358
1365
1376
1378
1379
1384
1386
1387
1388
1390
1393
1400
1406
1407
1408
1410
1414
1419
1423
1425
1438
1443
1445
1457
1470
1472
1481
1484
1485
1505
1510
1519
1521
1522
1523
1531
1538
1543
1546
1547
1553
1554
1559
1560
1562
1567
1580
1599
1601
1603
1604
1605
1607
1619
1622
1627
1637
1639
1650
1652
1656
1661
1666
1671
1673
1676
1688
1689
1690
1695
1698
1711
1716
1717
1718
1721
1727
1728
1731
1738
1748
1755
1759
1761
1791
1792
1808
1831
1832
1839
1840
1849
1850
1855
1857
1859
1860
1866
1874
1884
1891
1892
1894
1898
1906
1907
1919
1923
1929
1935
1953
1957
1963
1964
1971
1981
1989
1997
1999
2005
2022
2023
2045
2057
2059
2085
2105
2113
2114
2122
2148
2160
2163
2164
2175
2176
2178
2183
2187
2190
2191
2193
2197
2211
2218
2224
2254
2280
2287
2295
2329
2330
2334
2340
2351
2359
2363
2381
2392
2410
2413
2424
2430
2436
2441
2442
2447
2481
2513
2537
2543
2566
2593
2595
2607
2624
2642
2685
2698
2700
2707
2735
2770
2789
2808
2821
2822
2881
2893
2911
2940
2956
3003
3022
3049
3068
3074
3151
3215
3252
3255
3325
3377
3389
3399
3473
3514
3646
3719
3746
3836
3877
3901
4067
4120
4147
4170
4436
4469
4581
4596
4640
4642
4832
5098
5296
5602
5885
6613
6751
7365
1
2
3
4
5
6
7
8
9
10
12
13
14
15
16
17
18
19
20
21
22
23
24
25
26
27
28
29
30
31
32
33
34
35
36
37
38
39
40
41
42
43
44
45
46
47
48
49
50
51
52
53
54
55
56
57
58
59
60
61
62
63
64
65
66
67
68
69
70
71
72
73
74
76
77
78
79
80
81
82
83
84
85
86
87
88
89
90
91
92
93
94
95
96
97
98
99
101
102
104
105
106
107
109
110
111
112
113
115
116
117
118
119
120
121
122
123
124
125
126
127
128
129
130
131
132
133
134
135
136
137
138
139
140
141
142
143
145
146
148
149
150
151
154
155
156
157
159
160
161
163
164
165
166
167
168
169
171
173
174
177
178
179
180
181
182
183
184
186
187
188
193
194
196
197
198
199
200
201
202
203
204
205
206
207
210
211
212
213
214
216
217
218
219
220
222
223
224
225
226
227
228
230
231
232
233
234
235
236
237
238
239
240
241
242
243
244
245
246
247
248
249
250
251
252
253
254
255
256
257
258
259
260
262
263
264
265
266
267
268
269
270
273
274
275
276
277
279
280
281
282
283
284
285
286
287
288
289
290
291
292
295
296
299
300
302
303
304
305
306
308
309
312
313
314
315
318
320
321
323
324
325
326
329
331
332
333
334
336
337
339
340
342
343
346
347
348
349
351
352
354
356
357
359
362
363
365
366
367
369
370
371
374
375
376
378
379
381
382
383
384
387
394
396
397
398
399
400
401
402
404
405
406
407
408
412
413
414
415
416
422
423
425
426
427
428
430
431
437
438
439
441
442
443
444
445
446
447
448
450
451
452
453
454
457
458
460
461
467
468
469
471
472
474
475
476
477
478
482
484
487
488
489
492
493
494
495
498
499
502
504
506
507
508
510
511
512
514
515
516
517
518
519
521
522
526
527
528
529
532
534
535
536
537
538
540
541
546
547
548
550
551
552
554
556
557
558
559
561
562
565
566
567
572
575
576
577
578
580
581
582
583
585
587
592
593
598
599
602
605
606
609
610
611
613
614
617
620
623
626
628
629
630
634
640
642
643
646
647
649
651
653
654
658
659
661
663
664
666
667
669
671
678
681
683
685
686
688
689
690
693
696
697
701
702
707
708
710
712
713
716
718
720
721
722
725
727
728
729
731
732
734
736
738
740
742
743
744
748
753
756
758
763
764
766
767
770
771
772
774
778
779
781
782
783
784
785
786
788
789
790
792
793
794
797
798
799
800
802
804
805
809
810
812
815
819
825
832
836
837
838
839
842
846
847
848
851
852
855
856
857
858
861
862
867
869
871
872
874
879
881
883
886
894
895
896
902
903
906
907
914
917
918
922
923
926
927
929
930
931
937
938
939
943
948
949
952
956
958
959
960
965
966
970
972
973
976
978
983
984
986
992
993
995
998
1000
1002
1003
1005
1008
1011
1013
1021
1023
1029
1030
1033
1034
1044
1047
1048
1053
1057
1064
1068
1075
1076
1079
1084
1085
1086
1089
1096
1098
1101
1107
1108
1115
1117
1118
1124
1126
1127
1131
1137
1149
1150
1151
1154
1159
1162
1164
1166
1168
1171
1172
1175
1176
1177
1178
1185
1186
1190
1197
1199
1200
1206
1213
1214
1215
1220
1224
1229
1230
1244
1250
1251
1256
1258
1266
1267
1271
1277
1284
1288
1295
1302
1308
1313
1314
1318
1325
1328
1329
1332
1334
1340
1348
1356
1358
1359
1362
1364
1370
1371
1372
1380
1382
1384
1390
1393
1394
1395
1402
1406
1409
1410
1414
1421
1426
1431
1435
1439
1442
1468
1470
1475
1479
1481
1483
1493
1496
1498
1499
1510
1516
1519
1521
1524
1527
1534
1535
1536
1537
1547
1548
1552
1560
1564
1566
1572
1578
1599
1618
1621
1627
1629
1630
1634
1636
1637
1638
1640
1644
1647
1648
1653
1656
1662
1664
1668
1669
1688
1695
1703
1715
1717
1724
1726
1729
1741
1742
1750
1764
1769
1770
1772
1780
1785
1793
1794
1795
1804
1805
1823
1828
1830
1833
1837
1848
1856
1857
1861
1866
1868
1871
1872
1885
1889
1891
1892
1903
1908
1916
1919
1926
1927
1933
1937
1943
1949
1961
1962
1969
1974
1979
1991
1997
2005
2025
2026
2027
2031
2034
2035
2040
2061
2062
2086
2098
2106
2111
2112
2118
2125
2128
2133
2134
2144
2159
2170
2179
2183
2192
2217
2219
2228
2251
2254
2258
2265
2277
2283
2288
2289
2293
2306
2307
2311
2324
2331
2339
2341
2342
2348
2356
2359
2370
2406
2409
2422
2456
2457
2465
2502
2520
2529
2531
2533
2535
2543
2559
2572
2574
2575
2587
2605
2612
2621
2635
2650
2671
2676
2677
2694
2727
2747
2751
2755
2756
2768
2783
2833
2858
2909
2934
2949
2956
2989
2995
3011
3076
3078
3084
3093
3106
3130
3147
3159
3160
3248
3285
3305
3306
3318
3340
3453
3473
3507
3573
3588
3684
3746
3781
3785
3885
3893
3904
3951
3960
3991
4027
4060
4240
4271
4391
4423
4457
4540
4567
4755
4820
4827
4843
4929
5024
5040
5076
5079
5136
5460
5556
6177
6237
6998
7184
7207
