997
1
2
3
4
5
6
7
8
9
10
11
12
13
15
16
17
18
19
20
21
22
23
24
25
26
28
29
30
31
33
34
35
36
37
38
39
40
41
42
43
44
45
46
47
48
49
50
51
52
53
54
55
56
57
58
59
60
61
62
63
64
65
67
68
69
70
71
72
73
74
75
76
77
78
79
80
81
82
83
84
85
86
87
88
89
90
91
92
93
95
96
97
98
99
100
101
103
104
105
106
107
108
109
110
111
112
113
114
115
116
117
118
119
120
121
122
123
124
126
127
128
129
130
131
132
133
135
136
137
138
139
140
141
142
143
144
145
147
148
149
150
151
152
153
155
156
157
158
159
160
161
162
163
164
165
166
167
168
169
170
172
174
176
177
178
179
180
181
182
183
184
185
186
187
188
189
190
191
192
193
194
195
196
197
198
199
200
201
202
204
205
206
207
209
210
211
212
213
214
215
216
217
218
220
221
223
224
225
226
227
228
229
230
231
232
233
234
236
238
239
240
242
244
245
246
247
248
249
250
251
253
254
256
257
258
259
261
262
263
264
265
267
268
269
270
271
273
274
276
277
278
280
282
284
285
286
287
289
290
291
292
293
294
295
296
297
298
299
300
301
302
303
304
306
307
308
310
311
312
313
314
316
317
319
320
322
324
325
326
327
328
330
331
332
333
334
335
336
337
339
340
341
342
343
345
346
347
349
350
351
352
353
355
356
358
359
360
362
363
364
365
367
368
370
373
374
375
376
378
379
382
384
385
387
388
389
390
391
392
393
394
395
396
397
398
399
400
401
403
404
405
406
407
408
411
413
414
415
416
417
418
419
420
421
423
424
425
426
427
429
431
432
434
435
437
438
439
440
441
442
443
444
445
446
447
448
449
450
451
452
453
454
455
457
458
459
461
463
464
467
468
469
470
471
473
475
476
478
479
480
481
483
484
486
488
489
491
493
494
495
497
498
499
501
503
504
507
509
510
511
512
513
514
515
517
520
523
524
527
529
530
531
532
533
535
536
537
539
540
541
542
544
545
546
548
549
550
553
555
558
559
561
562
563
564
566
567
568
569
570
571
572
573
576
577
578
579
580
581
582
583
585
586
588
590
591
594
595
596
598
599
602
604
605
606
607
610
611
612
613
616
617
619
622
625
627
628
629
630
634
636
637
639
640
641
646
649
651
652
655
657
658
659
660
663
664
665
666
667
668
669
671
672
674
675
676
677
678
681
683
685
686
687
690
691
693
694
700
703
706
707
708
711
712
713
715
717
720
721
722
725
726
727
728
729
730
731
732
733
734
738
740
742
743
744
745
746
747
749
750
751
752
754
755
756
760
762
763
764
765
767
768
769
771
773
774
775
776
777
778
780
781
782
783
785
786
788
790
793
794
795
796
797
799
800
802
804
805
806
807
808
810
812
815
818
821
822
823
825
826
827
828
830
831
832
833
834
835
836
837
839
840
841
843
845
846
848
851
852
853
854
857
859
860
861
862
863
865
866
868
870
871
873
874
878
879
880
882
884
886
887
888
889
891
892
895
897
900
901
907
908
909
911
912
913
914
916
917
919
921
922
924
926
927
928
929
930
931
932
933
934
935
936
938
940
941
942
943
945
946
948
952
953
955
956
957
958
959
961
964
965
967
970
971
973
975
976
977
978
979
980
981
982
983
984
986
989
990
992
993
994
995
996
997
998
1000
1002
1003
1004
1005
1006
1008
1009
1011
1013
1014
1015
1017
1018
1019
1021
1022
1023
1024
1025
1026
1027
1028
1029
1030
1031
1033
1034
1036
1037
1038
1045
1047
1048
1050
1052
1053
1056
1057
1060
1061
1063
1064
1065
1066
1068
1069
1071
1073
1074
1075
1076
1078
1080
1081
1083
1084
1085
1086
1088
1089
1092
1093
1094
1095
1096
1097
1098
1100
1103
1106
1107
1108
1110
1112
1113
1114
1116
1120
1122
1123
1124
1126
1128
1129
1130
1131
1133
1135
1136
1138
1139
1141
1142
1144
1149
1151
1152
1154
1156
1158
1159
1160
1161
1163
1165
1168
1171
1174
1175
1177
1180
1182
1185
1187
1188
1192
1194
1195
1196
1197
1199
1200
1202
1204
1206
1208
1209
1210
1212
1213
1214
1215
1217
1220
1222
1224
1225
1227
1229
1230
1232
1233
1234
1236
1237
1238
1239
1240
1241
1243
1244
1246
1247
1248
1249
1250
1252
1254
1255
1257
1259
1260
1262
1264
1265
1267
1268
1270
1271
1272
1274
1277
1280
1282
1284
1285
1288
1290
1291
1292
1294
1296
1298
1300
1302
1305
1308
1309
1310
1313
1314
1315
1317
1319
1320
1322
1323
1325
1326
1327
1328
1329
1331
1332
1333
1334
1337
1338
1339
1341
1342
1344
1347
1348
1351
1352
1354
1355
1357
1358
1359
1362
1363
1366
1369
1371
1373
1374
1375
1378
1379
1381
1382
1384
1386
1390
1391
1395
1397
1399
1400
1401
1402
1405
1407
1409
1412
1414
1415
1416
1417
1
2
3
4
5
6
7
8
9
10
11
12
13
15
16
17
18
19
20
21
22
23
24
25
26
28
29
30
31
33
34
35
36
37
38
39
40
41
42
43
44
45
46
47
48
49
50
51
52
53
54
55
56
57
58
59
60
61
62
63
64
65
67
68
69
70
71
72
73
74
75
76
77
78
79
80
81
82
83
84
85
86
87
88
89
90
91
92
93
95
96
97
98
99
100
101
103
104
105
106
107
108
109
110
111
112
113
114
115
116
117
118
119
120
121
122
123
124
126
127
128
129
130
131
132
133
135
136
137
138
141
142
143
144
145
146
147
149
150
151
152
153
154
155
157
158
159
160
161
162
163
164
165
166
167
168
169
170
171
172
174
177
180
181
182
183
184
185
186
187
188
189
190
191
192
194
195
196
197
198
199
200
201
202
203
204
205
206
207
209
210
211
212
215
216
217
218
219
220
221
222
223
224
226
227
229
230
232
233
234
235
236
237
238
239
240
241
243
245
246
247
249
251
252
253
254
255
256
257
258
260
261
264
265
266
267
269
270
271
272
273
275
276
277
278
280
282
283
286
287
289
291
293
297
298
299
300
303
304
305
306
307
308
309
310
311
312
313
314
315
318
319
320
322
323
324
327
328
329
330
331
333
334
337
338
340
342
343
344
345
346
348
349
350
351
352
353
354
355
357
358
359
360
361
364
365
366
369
370
371
372
373
375
376
378
379
380
382
383
384
385
389
390
392
395
396
397
398
402
403
406
408
409
412
413
414
415
416
417
418
419
420
421
422
423
424
425
426
428
429
430
431
432
433
438
440
441
442
443
444
445
446
447
448
450
451
452
453
457
459
461
462
465
467
469
470
471
472
473
474
475
476
477
478
479
480
481
482
483
484
485
486
487
489
490
491
494
496
497
500
501
502
503
504
507
509
510
512
513
514
515
517
518
520
522
523
526
528
530
531
533
534
535
538
540
541
544
546
547
549
550
552
553
554
557
562
565
566
572
574
575
576
577
578
580
581
582
586
587
588
589
592
593
594
599
600
601
605
607
613
614
616
617
618
619
621
622
626
627
628
629
630
631
634
635
636
637
638
639
640
641
646
647
649
654
655
661
662
663
665
666
669
672
673
675
676
679
680
681
682
685
687
689
694
700
702
704
705
706
713
717
718
720
721
722
731
735
737
738
743
746
747
749
750
755
756
757
758
759
760
761
764
766
769
771
772
773
774
780
782
786
787
788
791
792
794
796
808
811
821
825
826
838
839
840
847
849
855
856
857
861
862
863
864
866
869
870
871
872
873
880
886
888
889
892
893
894
897
899
900
901
902
906
907
911
915
917
918
919
920
923
924
925
928
931
933
934
935
936
937
942
943
950
951
954
955
958
961
964
965
973
975
976
978
983
990
993
994
996
997
998
1002
1004
1008
1012
1017
1018
1019
1022
1023
1026
1027
1041
1042
1043
1044
1045
1046
1047
1048
1051
1052
1055
1058
1064
1066
1070
1073
1074
1075
1078
1082
1085
1097
1099
1100
1101
1104
1105
1119
1131
1132
1134
1135
1153
1154
1155
1160
1165
1169
1170
1171
1172
1174
1178
1183
1188
1192
1193
1213
1217
1218
1222
1223
1224
1225
1229
1230
1232
1234
1241
1249
1251
1252
1254
1263
1264
1268
1274
1275
1276
1278
1283
1287
1289
1290
1291
1292
1294
1295
1302
1314
1315
1325
1326
1327
1328
1329
1338
1347
1348
1356
1373
1375
1385
1387
1388
1389
1390
1391
1393
1394
1395
1396
1402
1410
1428
1429
1435
1442
1443
1444
1459
1460
1461
1482
1484
1485
1486
1489
1501
1509
1511
1514
1527
1528
1530
1537
1544
1545
1557
1558
1559
1560
1573
1576
1583
1584
1603
1604
1609
1611
1616
1626
1630
1632
1652
1657
1658
1660
1663
1668
1676
1688
1691
1693
1707
1713
1714
1715
1717
1721
1723
1728
1731
1733
1735
1737
1739
1740
1746
1750
1751
1752
1758
1760
1777
1778
1779
1783
1784
1786
1787
1795
1798
1828
1844
1858
1860
1868
1869
1870
1872
1897
1906
1907
1908
1910
1917
1918
1919
1920
1924
1932
1933
1970
1971
1984
1985
1988
2020
2022
2032
2034
2041
2043
2046
2047
2048
2050
2078
2106
2112
2122
2166
2174
2182
2186
2191
2199
2200
2212
2224
2225
2229
2232
2234
2237
2241
2243
2251
2253
2254
2261
2268
2272
2275
2279
2281
2284
2286
2292
2303
2324
2327
2328
2333
2336
2347
2352
2363
2397
2398
2429
2442
2446
2456
2469
2509
2510
2517
2518
2522
2537
2539
2553
2562
2564
2571
2573
2574
2576
2577
2584
2593
2594
2603
2615
2633
2637
2670
2671
2705
2708
2715
2801
2804
2871
2876
2883
2922
2925
2934
2955
2959
2965
2979
2980
2995
3001
3004
3025
3053
3063
3114
3121
3158
3159
3162
3164
3165
3166
3169
3170
3171
3178
3255
3272
3282
3294
3316
3332
3341
3348
3353
3408
3410
3418
3426
3462
3476
3487
3490
3494
3512
3519
3522
3525
3580
3661
3676
3696
3697
3712
3760
3782
3789
3790
3802
3809
3814
3828
3940
3954
3955
3988
4130
1
2
3
4
5
6
8
9
10
11
12
13
14
15
16
17
18
19
20
21
22
23
24
25
26
27
29
30
31
32
33
35
36
37
38
39
40
41
42
43
44
45
46
47
48
49
50
51
52
53
54
55
56
57
58
59
60
61
62
63
64
65
66
67
68
69
70
71
72
73
74
75
76
77
78
79
80
81
82
83
84
86
87
88
89
90
91
92
93
94
95
96
97
98
99
100
101
102
104
105
106
107
108
109
110
111
112
113
114
115
117
118
119
120
121
122
123
124
125
126
127
128
130
131
132
133
134
135
136
137
138
139
140
141
142
143
146
147
148
149
150
151
152
153
154
155
157
158
159
160
162
163
165
167
169
170
171
172
173
174
175
177
178
180
181
182
183
184
185
186
187
189
190
191
192
193
194
195
196
197
198
199
201
202
204
205
206
207
208
211
212
213
214
215
216
218
219
220
221
222
223
224
226
227
228
229
230
232
233
234
235
236
237
238
239
240
241
242
243
244
246
247
248
249
250
251
252
253
254
255
256
257
258
259
260
262
263
264
265
266
267
268
269
270
271
272
273
274
275
277
278
280
282
283
284
285
286
287
289
290
292
293
294
295
296
297
298
299
300
301
302
303
304
305
307
308
312
313
314
315
317
318
319
320
321
322
323
325
326
327
328
329
330
331
332
336
337
338
341
342
343
345
346
347
349
350
351
353
354
355
356
358
359
361
362
363
364
365
367
368
369
370
371
372
374
375
378
379
383
384
385
386
388
390
392
393
396
397
405
406
407
408
409
413
414
416
418
419
420
421
422
423
424
426
427
428
429
430
431
432
434
435
438
439
441
442
443
444
446
449
450
451
453
454
455
456
457
458
459
460
462
463
465
466
468
471
473
474
475
479
481
483
485
487
490
491
492
493
495
496
498
499
502
503
504
505
506
507
509
510
511
512
513
518
521
522
523
524
525
526
530
531
534
535
537
538
541
542
544
546
548
549
550
551
555
556
559
560
561
563
565
567
568
569
571
573
574
576
578
581
583
585
586
587
590
591
595
596
598
599
600
601
603
605
608
609
610
611
614
617
619
621
623
624
626
629
630
631
632
633
634
635
636
637
638
639
641
642
644
646
647
648
649
651
653
654
655
656
658
660
662
664
665
666
668
671
672
673
677
679
680
681
682
685
687
690
691
693
694
699
701
708
709
712
713
715
717
719
720
721
723
724
725
726
727
728
731
732
733
735
739
748
749
750
751
752
753
754
755
757
758
760
761
762
766
767
768
769
770
772
773
774
775
782
784
788
789
790
791
792
793
794
799
802
804
806
807
810
812
813
816
824
825
826
829
830
831
832
834
835
839
843
844
848
849
851
852
853
855
856
858
859
863
864
865
867
869
870
871
876
878
879
882
885
890
891
892
893
895
896
897
898
900
901
902
906
911
912
914
915
917
919
923
925
926
927
928
929
932
936
939
942
947
949
950
952
953
955
956
957
958
964
965
969
970
976
982
984
991
995
998
999
1001
1003
1006
1010
1017
1019
1020
1023
1024
1025
1028
1032
1037
1039
1040
1041
1048
1053
1057
1059
1060
1061
1062
1064
1069
1070
1073
1079
1082
1088
1089
1090
1091
1092
1097
1100
1101
1103
1105
1108
1109
1110
1111
1114
1118
1123
1130
1133
1136
1139
1142
1143
1144
1145
1147
1151
1154
1157
1159
1162
1163
1164
1169
1172
1175
1176
1180
1181
1183
1184
1190
1193
1194
1197
1201
1203
1208
1209
1211
1212
1216
1217
1222
1224
1225
1226
1227
1228
1235
1236
1237
1238
1240
1243
1244
1251
1255
1256
1258
1259
1264
1271
1273
1276
1278
1280
1282
1288
1291
1293
1296
1300
1301
1306
1307
1309
1312
1323
1325
1327
1328
1330
1333
1335
1340
1347
1350
1351
1358
1362
1364
1366
1367
1372
1377
1378
1381
1383
1391
1393
1394
1397
1399
1401
1404
1411
1413
1417
1419
1423
1424
1427
1428
1431
1433
1436
1441
1446
1449
1454
1455
1459
1464
1466
1471
1483
1488
1489
1491
1498
1502
1505
1508
1513
1520
1525
1528
1530
1533
1538
1545
1547
1557
1562
1567
1568
1573
1581
1582
1583
1591
1593
1594
1595
1599
1600
1603
1605
1606
1618
1620
1625
1626
1638
1641
1642
1648
1649
1653
1660
1667
1670
1675
1676
1681
1682
1683
1685
1686
1687
1692
1701
1704
1708
1714
1715
1717
1719
1720
1725
1729
1736
1739
1751
1753
1757
1772
1777
1778
1779
1781
1785
1803
1804
1823
1825
1827
1830
1833
1836
1839
1878
1891
1901
1906
1915
1917
1924
1930
1939
1940
1941
1942
1960
1973
1981
1988
1993
2006
2007
2008
2024
2025
2028
2036
2037
2046
2047
2051
2055
2061
2065
2073
2088
2110
2119
2121
2123
2125
2140
2145
2171
2172
2180
2181
2191
2199
2207
2220
2225
2260
2266
2288
2291
2294
2298
2299
2301
2302
2303
2304
2314
2320
2332
2353
2354
2357
2365
2382
2383
2391
2395
2396
2405
2414
2429
2432
2433
2459
2463
2469
2480
2486
2511
2518
1
2
3
4
5
6
8
9
10
11
12
13
14
15
16
17
18
19
20
21
22
23
24
25
26
27
29
30
31
32
33
35
36
37
38
39
40
41
42
43
44
45
46
47
48
49
50
51
52
53
54
55
56
57
58
59
60
61
62
63
64
65
66
67
68
69
70
71
72
73
74
75
76
77
78
79
80
81
82
83
84
86
87
88
89
90
91
92
93
94
95
96
97
98
99
100
101
102
104
105
106
107
108
109
110
111
112
113
114
115
117
118
119
120
121
122
123
124
125
126
127
128
130
131
132
133
134
135
136
137
138
139
140
141
142
143
145
146
147
148
149
150
151
152
153
154
157
158
159
160
162
163
165
167
170
171
172
173
174
175
176
178
179
181
182
183
184
185
186
187
188
191
192
193
194
195
196
197
198
199
200
201
203
204
206
207
208
209
210
212
213
214
215
216
217
218
219
220
221
222
223
224
226
227
228
229
230
232
233
234
235
236
237
238
239
240
241
242
243
244
246
247
248
249
250
251
252
253
254
255
256
257
258
259
260
262
263
264
265
266
267
268
269
270
271
272
273
274
275
277
278
280
282
283
284
285
286
287
289
290
292
293
294
295
296
298
300
301
302
303
304
305
306
307
309
310
312
313
314
315
317
318
319
320
321
322
323
324
325
326
327
328
329
330
331
333
334
335
337
338
339
342
343
344
348
349
350
352
353
354
355
359
361
364
365
366
369
370
372
373
374
375
376
377
379
380
382
383
385
386
387
388
389
390
393
394
396
397
399
400
401
402
403
405
406
407
409
410
411
412
413
414
415
419
420
421
422
423
424
425
427
428
430
431
434
435
436
437
438
444
445
447
449
450
452
453
455
456
457
458
460
461
462
463
466
467
470
471
472
475
478
480
483
485
487
488
489
490
491
492
494
495
497
498
499
500
501
503
505
506
507
508
510
511
513
514
515
516
517
518
520
524
526
527
529
531
533
534
538
542
547
548
549
550
551
553
556
557
558
562
565
568
569
570
572
577
578
582
589
591
594
596
597
598
599
600
603
604
607
608
609
610
611
613
621
622
623
624
628
630
631
633
638
639
641
643
644
645
646
647
648
649
650
651
652
653
654
655
660
661
663
665
666
668
674
675
676
677
680
683
684
686
687
688
689
692
693
694
696
698
699
700
701
705
706
710
711
715
717
721
725
732
733
736
737
738
742
745
746
747
749
750
756
757
760
761
763
764
765
767
768
770
771
772
773
781
786
787
788
791
792
794
795
796
797
798
799
800
801
803
804
810
811
816
820
821
822
823
824
825
826
827
829
832
833
836
838
841
844
845
849
853
855
856
858
859
860
862
864
865
868
872
873
876
878
881
885
886
895
896
898
899
905
906
907
909
911
912
913
915
916
924
926
928
930
935
936
941
947
948
949
951
953
954
956
960
964
965
971
974
976
977
978
981
982
983
984
985
987
992
994
996
997
1004
1006
1007
1010
1014
1015
1017
1018
1032
1033
1037
1038
1041
1046
1048
1052
1054
1055
1056
1061
1063
1068
1070
1072
1075
1080
1081
1082
1083
1090
1093
1094
1103
1104
1105
1108
1110
1114
1118
1119
1126
1133
1143
1145
1146
1147
1149
1150
1152
1153
1154
1155
1156
1157
1159
1160
1162
1166
1167
1168
1170
1171
1173
1179
1181
1188
1189
1191
1194
1195
1196
1197
1202
1203
1209
1213
1216
1224
1229
1230
1231
1233
1235
1238
1239
1241
1242
1244
1247
1262
1267
1268
1271
1276
1280
1288
1289
1291
1292
1293
1294
1303
1307
1308
1309
1310
1311
1315
1316
1326
1327
1328
1330
1335
1338
1350
1351
1353
1354
1355
1356
1362
1363
1364
1373
1376
1384
1385
1392
1393
1400
1405
1406
1409
1410
1414
1419
1422
1423
1430
1438
1440
1449
1456
1458
1461
1462
1467
1476
1481
1484
1485
1489
1492
1494
1496
1501
1503
1505
1506
1510
1512
1516
1520
1525
1534
1538
1540
1545
1546
1548
1550
1559
1561
1563
1564
1575
1581
1583
1584
1585
1594
1599
1602
1605
1607
1611
1614
1617
1621
1628
1630
1633
1636
1638
1642
1643
1644
1647
1655
1657
1662
1663
1668
1669
1670
1672
1675
1676
1679
1680
1684
1685
1686
1688
1689
1694
1695
1703
1716
1722
1724
1730
1731
1733
1736
1737
1740
1744
1746
1754
1755
1757
1783
1787
1788
1794
1795
1797
1802
1807
1809
1812
1813
1825
1828
1829
1830
1854
1858
1860
1870
1871
1872
1874
1875
1881
1884
1889
1893
1897
1898
1899
1907
1909
1913
1914
1915
1917
1920
1922
1927
1937
1942
1952
1955
1958
1966
1970
1973
1974
1979
1980
1990
1993
2005
2011
2013
2015
2016
2032
2033
2040
2051
2055
2066
2067
2075
2103
2105
2110
2112
2116
2119
2128
2133
2140
2147
2151
2167
2190
2191
2197
2198
2204
2225
2232
2236
2238
2243
2244
2251
2253
2254
2259
2260
2263
2282
2284
2290
2294
2301
2320
2335
2338
2342
2349
2351
2352
2357
2370
2385
2388
2390
2411
2413
2415
2420
2427
2434
2456
2468
2503
2505
