997
1
2
3
4
5
6
7
8
9
10
11
12
13
15
16
17
18
19
20
21
22
23
24
25
27
28
29
30
31
32
33
34
35
36
37
38
39
40
41
42
43
44
45
46
47
48
49
50
51
52
53
54
55
56
57
58
59
60
62
63
64
65
66
67
68
69
70
71
72
73
74
75
76
77
78
79
80
81
82
83
84
85
86
87
88
89
90
91
92
93
94
95
96
97
98
99
100
101
102
103
104
105
106
107
108
109
110
111
112
113
116
117
118
120
121
122
123
124
125
126
127
128
129
130
132
133
134
135
136
137
138
139
140
141
142
143
144
145
146
148
149
150
151
152
153
154
155
156
157
158
159
160
162
163
164
165
166
167
168
169
170
171
173
174
175
176
177
178
179
180
182
183
184
185
186
187
188
190
192
194
195
196
197
198
200
201
202
203
204
205
206
207
208
209
210
211
212
213
215
216
217
219
220
222
223
224
225
226
227
228
229
230
231
232
233
235
236
237
238
239
240
242
243
244
245
247
249
250
251
252
253
254
256
257
258
259
260
261
262
263
264
265
267
268
270
271
272
273
274
275
278
280
281
283
284
285
286
287
289
291
292
293
294
295
296
297
299
300
301
302
303
304
305
307
308
309
310
312
313
315
317
318
319
320
321
322
323
326
329
331
332
333
334
335
336
337
339
341
344
345
346
348
349
350
351
352
353
354
355
356
357
358
359
360
361
363
364
365
368
369
372
374
376
377
378
379
380
381
382
383
385
386
387
391
392
393
395
396
397
400
401
403
405
406
407
408
410
411
413
414
415
416
417
418
419
420
421
422
423
424
428
429
431
432
433
436
437
438
439
440
442
443
445
446
447
448
449
450
452
453
454
455
456
457
458
460
461
462
467
469
470
472
473
474
476
477
478
479
480
481
482
483
484
485
486
488
489
491
492
494
495
496
497
500
501
502
503
505
506
507
508
509
511
512
513
514
516
517
519
520
521
523
525
526
527
528
529
531
532
533
535
536
537
538
539
540
541
543
544
546
547
548
549
550
551
553
554
555
556
558
560
561
562
564
566
567
568
569
570
573
574
576
578
580
581
582
583
584
586
587
588
589
590
591
592
593
594
595
597
599
600
601
602
603
604
605
606
609
611
612
614
615
616
617
618
619
621
622
623
625
626
627
628
629
630
632
633
634
635
636
638
639
642
644
645
646
647
648
649
650
651
653
655
656
658
659
660
661
662
663
667
669
670
673
674
676
679
681
682
683
684
685
686
687
688
689
690
693
694
695
696
698
699
700
701
702
704
705
706
707
709
710
713
714
715
718
719
721
723
724
726
727
728
729
730
731
733
735
736
739
740
742
743
744
745
747
749
751
753
755
756
757
760
762
764
767
769
771
772
773
774
775
777
778
781
783
785
787
789
790
791
793
794
796
797
798
800
802
805
807
810
811
813
815
816
818
821
824
826
827
828
830
831
832
834
835
836
839
840
841
842
843
844
845
846
847
849
850
851
852
853
855
857
858
859
860
861
863
864
865
867
868
870
872
874
875
877
878
879
881
882
884
885
886
888
889
890
892
893
895
897
899
900
902
904
905
908
909
911
912
913
914
915
916
918
919
921
923
924
925
928
929
930
931
933
935
936
938
939
940
942
946
948
950
951
952
953
955
958
959
961
962
963
965
967
970
971
973
975
976
977
979
980
982
983
985
986
987
989
991
992
995
998
1000
1002
1003
1004
1006
1008
1011
1013
1016
1019
1020
1023
1026
1029
1030
1031
1032
1033
1036
1038
1040
1042
1045
1047
1048
1049
1051
1054
1055
1057
1058
1059
1061
1062
1063
1065
1068
1069
1070
1072
1076
1078
1081
1083
1084
1085
1087
1088
1089
1090
1091
1092
1093
1094
1095
1096
1098
1099
1102
1104
1108
1110
1111
1113
1115
1117
1118
1119
1120
1122
1124
1125
1126
1128
1130
1134
1135
1136
1137
1138
1141
1144
1146
1148
1151
1153
1154
1156
1158
1159
1160
1163
1164
1165
1166
1167
1168
1170
1171
1172
1173
1175
1176
1179
1183
1185
1187
1188
1190
1192
1194
1196
1197
1198
1199
1201
1203
1204
1206
1207
1208
1209
1210
1211
1213
1214
1215
1216
1218
1219
1222
1223
1225
1226
1227
1230
1231
1233
1234
1237
1239
1241
1246
1248
1249
1252
1253
1254
1255
1256
1257
1259
1261
1262
1264
1265
1268
1269
1271
1272
1273
1276
1278
1279
1280
1284
1286
1288
1293
1295
1296
1298
1300
1303
1304
1306
1308
1309
1313
1314
1316
1319
1322
1323
1325
1327
1328
1329
1331
1332
1333
1334
1335
1336
1337
1339
1341
1343
1346
1350
1351
1353
1355
1357
1358
1360
1361
1363
1367
1369
1371
1372
1374
1375
1378
1379
1381
1382
1383
1385
1387
1388
1389
1392
1394
1396
1399
1402
1406
1407
1410
1413
1414
1416
1418
1421
1423
1426
1428
1429
1430
1432
1435
1436
1
2
3
4
5
6
7
8
9
10
11
12
13
15
16
17
18
19
20
21
22
23
24
25
27
28
29
30
31
32
33
34
35
36
37
38
39
40
41
42
43
44
45
46
47
48
49
50
51
52
53
54
55
56
57
58
59
60
62
63
64
65
66
67
68
69
70
71
72
73
74
75
76
77
78
79
80
81
82
83
84
85
86
87
88
89
90
91
92
93
94
95
96
97
98
99
100
101
102
103
104
105
106
107
108
109
110
111
112
113
116
117
118
121
122
123
124
125
126
127
128
129
130
131
134
135
136
137
138
139
140
141
142
143
144
145
146
147
148
150
151
152
153
154
155
156
157
158
159
160
161
162
165
166
167
168
169
170
171
172
173
174
176
177
178
179
180
181
182
183
186
187
188
189
190
191
192
194
196
198
199
200
201
202
204
205
206
207
208
209
210
211
212
213
214
215
216
217
219
220
221
223
224
226
227
228
229
230
231
232
233
234
235
236
237
239
240
241
242
243
244
246
247
248
249
252
255
256
257
258
259
260
262
263
264
265
266
267
268
269
270
271
273
274
276
277
278
279
280
281
285
287
288
290
291
292
293
294
296
300
301
302
303
305
306
307
310
311
316
317
318
319
320
322
323
324
325
327
328
330
333
334
335
336
337
338
339
342
349
351
352
353
354
355
356
357
359
361
364
365
370
371
375
377
378
382
383
384
386
390
391
396
397
398
400
406
407
408
409
410
413
414
415
417
418
419
420
424
425
426
427
429
430
431
432
434
435
436
437
441
442
444
445
446
448
449
450
451
452
455
456
457
458
459
460
461
462
463
464
465
467
468
469
470
471
472
475
477
478
479
480
483
485
489
491
492
497
498
499
500
501
506
508
511
513
514
515
520
522
523
524
525
529
530
531
532
533
540
544
547
550
551
553
554
555
556
557
558
559
560
561
562
563
564
566
567
568
570
577
580
581
582
583
584
586
587
588
589
591
593
594
595
597
598
599
600
601
602
603
604
605
606
607
608
609
610
620
621
623
624
625
626
627
628
632
633
634
637
638
647
648
649
651
652
653
657
661
667
669
675
685
686
690
691
692
693
698
699
700
703
704
706
709
710
713
714
715
716
718
719
720
722
723
724
725
726
727
728
729
732
733
734
735
741
742
743
744
745
746
750
751
752
753
754
756
757
762
763
764
767
768
770
775
781
783
787
788
790
794
798
799
809
810
811
813
814
815
817
818
819
821
822
833
834
837
840
841
843
850
851
857
858
859
860
861
869
870
871
872
875
877
880
882
888
889
890
895
896
901
904
905
906
907
908
909
913
914
915
918
927
930
933
937
940
941
945
950
952
953
954
962
970
985
986
988
990
999
1000
1001
1002
1004
1007
1010
1011
1019
1024
1025
1027
1028
1032
1035
1037
1041
1042
1043
1047
1048
1049
1050
1051
1057
1060
1061
1062
1076
1080
1081
1083
1087
1088
1089
1093
1094
1096
1098
1099
1103
1106
1107
1108
1111
1113
1114
1121
1128
1132
1138
1140
1147
1148
1149
1159
1163
1169
1184
1185
1186
1196
1197
1200
1202
1203
1205
1207
1208
1221
1223
1227
1231
1234
1242
1258
1259
1261
1264
1277
1284
1287
1294
1295
1296
1298
1310
1317
1320
1322
1324
1326
1337
1338
1353
1377
1378
1383
1394
1395
1400
1402
1403
1404
1421
1422
1425
1428
1437
1441
1442
1447
1448
1450
1452
1453
1454
1456
1457
1470
1471
1497
1511
1516
1525
1539
1540
1556
1581
1594
1597
1598
1630
1636
1637
1655
1660
1671
1675
1681
1686
1687
1690
1696
1716
1718
1720
1721
1724
1744
1745
1747
1755
1761
1786
1787
1791
1792
1794
1796
1798
1802
1819
1821
1822
1824
1825
1826
1836
1843
1844
1849
1874
1884
1898
1903
1905
1938
1939
1940
1941
1953
1964
1974
1978
1983
1984
2004
2005
2014
2021
2025
2042
2046
2048
2049
2050
2107
2109
2112
2142
2144
2145
2146
2148
2152
2158
2163
2170
2173
2217
2219
2224
2225
2236
2237
2243
2245
2251
2279
2281
2285
2288
2289
2341
2352
2367
2375
2382
2385
2436
2464
2504
2505
2516
2592
2615
2657
2662
2680
2711
2713
2723
2724
2750
2759
2760
2771
2773
2810
2819
2826
2827
2832
2840
2848
2882
2894
2923
2940
2942
3016
3068
3069
3076
3077
3125
3127
3136
3177
3186
3188
3244
3289
3372
3373
3385
3387
3414
3486
3494
3513
3514
3535
3536
3602
3633
3708
3731
3750
3823
3836
3961
3974
4081
4093
4290
4313
4369
4371
4553
4730
4756
4757
4764
4821
4868
4872
4912
4913
4949
4989
5013
5015
5016
5021
5076
5146
5148
5150
5207
5211
5212
5242
5260
5397
5560
5792
5793
5815
5816
5817
6045
6055
6085
6164
6188
6190
6194
6414
6433
6436
6451
6486
6533
6535
6543
6560
6663
6758
6828
6959
7027
7029
7197
7225
7255
7306
7342
7364
7416
7505
7538
7649
7710
7714
7733
8035
8043
8129
8242
8298
8388
8588
8714
8771
8860
9277
9281
9750
10128
10782
11533
11867
12604
13094
13950
13956
14450
14828
15557
15978
16568
16616
17482
17514
17577
17877
17878
18028
18609
1
2
3
4
5
6
7
8
9
10
11
12
13
14
15
16
17
18
19
21
22
23
24
25
26
27
28
29
30
31
32
33
34
35
36
37
38
39
40
41
42
43
44
45
46
47
48
49
50
51
52
53
54
55
56
57
58
59
60
61
62
63
64
65
66
67
68
69
70
71
72
74
75
76
77
78
79
80
81
82
83
84
85
86
87
88
89
90
91
93
94
95
96
97
98
100
102
103
104
105
106
107
108
109
110
111
112
113
114
115
116
117
118
119
120
121
122
123
125
126
127
128
129
130
131
132
133
134
135
136
137
138
139
140
141
142
144
145
146
147
149
150
151
152
153
155
156
158
159
160
161
162
163
164
166
167
169
170
172
173
174
175
176
177
178
179
180
181
182
185
186
187
188
192
193
194
195
196
197
200
201
203
204
206
207
208
209
210
211
212
213
216
217
218
219
220
221
222
224
225
226
227
228
229
230
231
232
233
234
235
236
237
238
240
242
244
245
246
247
249
250
251
252
253
254
255
256
258
260
262
263
264
265
266
267
268
270
271
272
273
274
275
276
278
279
280
281
282
283
284
285
286
287
288
290
292
293
294
295
296
298
301
304
305
306
307
308
309
311
314
315
318
319
320
321
322
323
324
325
327
328
329
330
331
332
333
335
336
337
341
342
343
346
347
349
350
352
353
355
356
357
358
360
361
362
364
365
366
368
369
370
373
374
375
379
381
382
383
384
385
386
387
388
390
391
395
396
398
399
400
401
405
406
407
408
409
410
411
412
414
415
418
419
420
422
423
424
425
426
428
429
430
431
432
433
434
435
436
437
438
440
441
442
443
444
445
447
450
451
452
453
455
458
459
461
462
464
465
468
469
470
473
474
476
480
481
482
484
486
487
488
490
494
498
499
500
501
507
513
514
515
516
517
518
519
521
522
523
524
525
526
527
528
529
534
535
539
541
546
547
548
549
550
553
555
556
557
559
561
564
565
566
572
573
574
575
576
577
578
579
580
582
583
584
585
587
590
591
593
595
596
597
598
599
601
602
603
606
607
611
612
613
616
617
619
621
625
627
628
631
633
634
638
639
641
642
644
645
649
651
652
654
656
657
659
664
666
670
671
672
673
677
678
679
680
681
682
683
684
685
686
687
689
692
693
694
695
696
697
700
703
705
706
707
708
709
711
712
713
716
717
719
723
724
732
734
736
739
744
748
749
750
751
752
755
756
757
759
760
761
763
764
767
774
776
778
779
783
785
786
788
789
795
796
797
799
800
801
802
805
806
811
814
817
818
820
822
823
825
828
829
830
831
832
833
835
836
841
845
850
858
860
862
866
867
869
870
872
874
877
878
885
888
889
890
892
894
901
902
903
904
906
907
908
917
919
922
927
930
932
937
940
942
944
945
947
949
950
951
952
959
960
961
963
964
967
968
975
977
978
979
984
985
988
997
998
1000
1002
1003
1004
1007
1010
1011
1014
1021
1022
1024
1026
1027
1031
1037
1040
1043
1045
1049
1050
1051
1052
1054
1056
1058
1061
1063
1073
1075
1077
1086
1090
1092
1093
1098
1100
1101
1109
1110
1120
1122
1126
1128
1134
1135
1137
1139
1147
1154
1157
1164
1166
1168
1170
1173
1174
1177
1185
1187
1188
1195
1197
1198
1199
1203
1204
1206
1209
1211
1213
1214
1217
1218
1220
1222
1223
1224
1229
1230
1232
1233
1243
1246
1248
1250
1254
1256
1258
1272
1274
1276
1277
1281
1282
1283
1284
1289
1294
1297
1299
1300
1302
1303
1306
1318
1320
1323
1324
1325
1328
1329
1333
1341
1348
1351
1360
1362
1363
1371
1380
1381
1385
1393
1408
1409
1411
1412
1413
1421
1423
1424
1427
1434
1437
1440
1441
1443
1458
1459
1460
1461
1474
1477
1481
1484
1486
1492
1494
1495
1496
1504
1516
1517
1520
1522
1523
1524
1529
1532
1535
1537
1551
1552
1556
1559
1571
1580
1587
1588
1590
1591
1595
1600
1601
1605
1606
1610
1620
1625
1637
1649
1651
1656
1665
1668
1676
1681
1682
1686
1689
1690
1698
1700
1701
1716
1721
1727
1730
1733
1743
1747
1749
1756
1759
1764
1784
1794
1802
1810
1823
1826
1830
1831
1838
1842
1843
1844
1848
1849
1856
1862
1863
1865
1868
1877
1882
1886
1887
1889
1914
1917
1919
1924
1925
1929
1938
1955
1962
1968
1982
1998
2005
2053
2063
2064
2082
2083
2094
2099
2100
2104
2110
2145
2154
2156
2159
2162
2164
2172
2178
2189
2206
2218
2220
2226
2228
2238
2250
2267
2287
2295
2302
2311
2312
2321
2325
2333
2352
2357
2366
2374
2375
2376
2382
2384
2385
2396
2451
2452
2467
2488
2542
2549
2559
2578
2595
2608
2618
2667
2703
2729
2735
2739
2740
2777
2804
2812
2847
2848
2889
2892
2922
2977
2983
3011
3039
3041
3042
3046
3057
3083
3090
3096
3105
3109
3126
3182
3193
3217
3224
3262
3270
3295
3304
3354
3393
3430
3457
3461
3537
3548
3595
3685
3837
3897
3928
4005
4007
4040
4061
4120
4172
4446
4527
4690
4793
4881
5096
5097
5124
5444
1
2
3
4
5
6
7
8
9
10
11
12
13
14
15
16
17
18
19
21
22
23
24
25
26
27
28
29
30
31
32
33
34
35
36
37
38
39
40
41
42
43
44
45
46
47
48
49
50
51
52
53
54
55
56
57
58
59
60
61
62
63
64
65
66
67
68
69
70
71
72
75
76
77
78
79
80
81
82
83
84
85
86
87
88
89
90
91
92
94
95
96
97
98
99
101
103
104
105
106
107
108
109
110
111
112
113
114
115
116
117
118
119
120
121
122
123
124
126
127
128
129
130
131
132
133
134
135
136
137
138
139
140
141
142
143
145
146
147
148
150
151
152
153
154
155
156
158
159
160
161
162
163
164
166
167
169
170
171
172
173
174
177
178
179
180
181
182
183
185
186
187
188
190
191
193
194
195
196
198
199
201
202
204
205
206
207
208
209
210
211
213
214
215
216
217
218
219
221
222
223
224
225
226
227
228
229
230
231
232
233
234
235
240
244
246
247
248
249
251
252
253
254
255
256
266
267
268
269
270
271
272
273
274
275
276
277
279
280
281
283
284
285
286
288
289
290
293
294
295
296
297
298
301
302
303
304
305
309
310
311
312
313
314
316
318
320
321
322
324
325
327
330
331
332
334
335
336
337
339
340
341
342
343
344
346
349
350
352
353
354
355
357
359
360
361
362
364
365
367
368
369
370
371
372
376
377
378
379
381
383
384
386
387
388
390
392
393
394
396
397
399
400
401
404
405
408
410
411
412
413
415
416
419
420
421
422
423
425
426
429
430
432
433
434
435
441
444
445
446
448
449
450
451
452
453
455
456
457
458
459
460
461
463
468
469
470
474
475
476
478
484
485
486
487
488
490
494
497
500
506
507
508
510
511
512
513
514
515
519
521
522
523
525
527
529
530
531
533
534
535
537
539
542
544
545
546
548
550
551
552
554
555
556
557
560
561
564
568
571
572
573
574
577
579
580
584
587
589
594
598
599
600
601
602
604
605
607
608
611
613
616
618
619
620
621
622
623
624
626
627
629
630
632
636
637
642
643
645
647
648
651
652
653
655
656
658
661
662
663
665
666
669
670
671
672
673
674
675
676
678
679
682
683
684
686
687
690
691
692
693
696
698
699
700
705
706
707
710
713
720
721
730
732
733
734
735
736
738
743
750
753
754
760
761
762
763
766
769
772
773
776
777
778
782
786
789
790
801
803
806
808
811
812
815
816
817
818
819
827
828
831
832
833
835
839
840
841
842
844
846
847
851
852
853
858
860
862
863
865
866
867
868
873
877
878
880
884
885
889
891
895
900
901
902
904
906
907
908
911
912
914
932
933
936
937
940
944
946
948
949
951
953
954
955
960
965
967
969
974
975
978
982
985
993
995
996
1000
1001
1003
1004
1005
1006
1007
1013
1015
1018
1020
1023
1028
1029
1031
1032
1037
1038
1039
1040
1041
1043
1048
1049
1050
1058
1060
1062
1064
1065
1073
1074
1078
1087
1088
1090
1098
1099
1104
1105
1110
1115
1116
1118
1122
1124
1127
1129
1130
1132
1134
1139
1140
1141
1153
1160
1162
1166
1172
1174
1175
1178
1179
1182
1186
1187
1188
1189
1193
1194
1202
1208
1209
1211
1215
1216
1223
1226
1242
1243
1244
1245
1246
1249
1255
1258
1263
1268
1269
1270
1271
1273
1280
1283
1288
1291
1292
1295
1300
1301
1302
1303
1306
1320
1321
1326
1329
1332
1336
1346
1357
1365
1366
1372
1374
1377
1385
1386
1387
1397
1399
1400
1411
1413
1415
1418
1419
1423
1424
1429
1431
1435
1436
1437
1443
1445
1446
1447
1449
1455
1460
1461
1467
1469
1479
1481
1483
1484
1489
1491
1494
1500
1501
1503
1504
1505
1512
1515
1523
1526
1528
1531
1535
1543
1544
1549
1550
1551
1552
1553
1558
1564
1570
1585
1588
1589
1590
1603
1605
1606
1611
1615
1618
1637
1640
1644
1651
1657
1661
1663
1664
1667
1672
1676
1681
1682
1689
1700
1702
1706
1709
1713
1714
1727
1732
1739
1742
1747
1749
1762
1775
1782
1785
1786
1787
1788
1792
1797
1803
1805
1818
1823
1825
1833
1841
1846
1853
1854
1859
1870
1880
1887
1888
1892
1899
1902
1904
1908
1910
1920
1930
1932
1934
1949
1953
1963
1964
1989
1992
1994
2013
2016
2018
2039
2054
2071
2111
2121
2122
2126
2155
2169
2189
2197
2198
2210
2225
2241
2244
2245
2259
2276
2295
2298
2302
2303
2306
2324
2336
2338
2348
2351
2360
2371
2392
2399
2407
2409
2414
2426
2449
2458
2464
2468
2484
2489
2528
2541
2550
2560
2566
2590
2601
2604
2606
2621
2624
2646
2668
2690
2691
2692
2694
2699
2705
2713
2714
2724
2727
2768
2773
2786
2799
2810
2814
2848
2855
2856
2865
2876
2878
2890
2905
2923
2964
2990
2994
3002
3024
3065
3066
3078
3097
3098
3131
3193
3194
3227
3228
3259
3274
3275
3297
3299
3305
3310
3318
3326
3344
3347
3349
3405
3411
3461
3479
3537
3542
3590
3594
3598
3631
3662
3715
3720
3756
3765
3964
3966
3995
4000
4006
4127
4140
4418
4541
4636
4653
4692
5487
5565
