4129
1
2
3
4
5
6
7
8
9
10
11
12
13
14
15
16
17
18
19
20
21
22
23
24
25
26
27
28
29
30
31
32
33
34
35
36
37
38
39
40
41
42
43
44
45
46
47
48
49
50
51
52
53
54
55
56
57
58
59
60
61
62
63
64
65
66
67
68
69
70
71
72
73
74
75
76
77
78
79
80
81
82
83
84
85
86
87
88
89
90
91
92
93
94
95
96
97
98
99
100
101
102
103
104
105
106
107
108
109
110
111
112
114
115
116
117
118
119
120
121
122
123
124
125
126
127
128
129
130
131
132
133
134
135
136
137
138
139
140
141
142
143
144
145
146
147
148
149
150
151
152
153
154
155
156
157
158
159
160
161
162
163
164
165
166
167
168
169
170
171
172
173
174
175
176
177
178
179
180
181
182
183
184
185
186
187
188
189
190
191
192
193
194
195
196
197
198
199
200
201
202
203
204
205
206
207
208
209
210
211
213
214
215
216
217
218
219
220
221
222
223
224
225
227
228
229
230
231
232
233
234
235
236
237
238
239
240
241
242
243
244
245
246
247
248
249
250
251
252
253
254
255
256
257
259
260
261
262
263
264
265
266
268
269
270
271
272
273
274
275
276
277
278
279
280
281
282
283
284
285
286
287
288
289
290
291
292
293
294
295
296
297
298
299
300
301
302
303
304
305
306
307
308
309
310
311
312
313
314
315
316
317
318
319
320
321
322
323
324
325
326
327
328
329
330
331
332
333
334
335
336
337
338
339
340
341
342
343
344
345
346
347
348
349
350
351
352
353
354
355
356
357
358
360
361
362
363
364
365
366
367
368
369
370
371
372
373
374
375
376
377
378
379
380
381
382
383
384
385
386
387
388
389
390
391
392
393
394
395
396
397
398
399
400
401
402
403
404
405
406
407
409
410
411
412
413
414
415
416
417
418
419
420
421
423
424
425
427
428
429
430
431
432
433
434
436
437
438
439
440
441
442
443
444
445
446
447
448
450
451
453
455
457
458
459
460
461
462
463
464
465
466
467
468
469
470
471
472
473
474
475
476
477
478
479
480
481
483
484
485
486
487
488
489
491
492
493
495
496
497
498
499
501
502
503
504
505
506
507
508
509
511
512
514
515
517
518
519
520
521
522
524
525
526
527
528
529
530
531
532
533
534
536
537
538
539
540
541
542
543
544
545
546
547
548
549
550
551
552
553
554
555
556
557
558
559
560
561
562
563
564
565
566
568
569
570
571
572
573
575
576
577
578
579
580
581
582
583
584
585
587
588
589
590
591
592
594
595
596
597
598
599
600
601
602
603
604
606
607
608
609
610
611
612
613
614
615
616
617
619
620
621
622
623
624
625
628
629
630
631
632
633
634
635
636
637
638
639
640
641
642
644
646
647
648
649
651
652
653
654
655
656
658
659
660
661
663
664
665
666
667
668
669
670
671
672
673
674
675
676
677
678
679
680
681
682
684
685
686
687
688
691
693
694
695
696
697
698
699
700
701
702
703
704
705
706
707
708
709
710
711
712
713
714
715
716
717
718
719
720
722
723
724
726
729
730
731
733
734
735
736
737
738
739
741
742
743
745
746
747
748
749
750
752
753
754
755
756
757
758
759
761
762
763
764
765
766
767
768
769
770
771
773
775
776
777
778
779
780
781
782
783
784
785
786
787
788
789
790
791
793
794
795
797
798
799
800
801
802
803
804
805
806
807
808
809
810
811
813
814
815
816
817
818
819
821
822
823
824
825
826
827
828
829
831
832
834
835
836
837
838
839
840
841
842
843
844
845
846
847
848
849
850
851
852
853
855
856
857
858
859
860
861
862
863
864
865
867
868
869
870
871
872
874
876
877
878
879
880
881
882
883
885
886
887
888
889
890
891
892
893
895
896
897
898
899
900
901
902
903
904
906
908
910
911
912
913
914
915
917
920
921
922
923
924
925
926
927
928
930
931
932
933
935
936
938
939
940
941
942
943
944
945
946
947
948
949
950
951
952
953
954
955
956
957
958
959
961
962
963
964
965
966
968
969
970
971
972
973
974
976
977
978
979
980
981
982
983
984
986
987
988
989
990
991
992
993
995
996
997
998
999
1001
1002
1003
1004
1006
1007
1008
1009
1010
1011
1012
1013
1016
1017
1018
1019
1020
1021
1023
1024
1025
1026
1027
1028
1029
1030
1031
1032
1033
1034
1036
1037
1039
1041
1042
1043
1044
1045
1046
1047
1048
1049
1051
1052
1053
1054
1055
1057
1058
1060
1062
1064
1065
1066
1067
1069
1070
1071
1072
1073
1074
1075
1076
1077
1078
1079
1081
1082
1083
1084
1085
1086
1087
1088
1089
1090
1091
1092
1093
1094
1095
1097
1098
1099
1100
1101
1102
1103
1105
1107
1108
1110
1112
1114
1115
1116
1118
1119
1122
1123
1124
1125
1126
1127
1128
1130
1131
1132
1133
1134
1135
1136
1137
1138
1139
1141
1142
1143
1144
1145
1146
1147
1149
1151
1152
1154
1156
1157
1158
1159
1160
1161
1162
1164
1165
1166
1167
1168
1169
1170
1172
1174
1175
1176
1177
1178
1179
1180
1181
1182
1183
1184
1185
1186
1187
1188
1189
1190
1191
1192
1193
1194
1195
1196
1197
1198
1199
1200
1202
1205
1206
1207
1208
1209
1210
1211
1212
1213
1214
1216
1217
1218
1219
1222
1223
1224
1225
1226
1227
1229
1230
1231
1232
1233
1235
1237
1238
1240
1241
1242
1243
1244
1245
1247
1249
1250
1251
1252
1254
1255
1256
1257
1258
1259
1260
1261
1262
1264
1265
1266
1267
1268
1270
1271
1272
1273
1275
1276
1277
1278
1279
1280
1281
1282
1283
1285
1286
1287
1288
1289
1291
1292
1293
1294
1295
1296
1297
1298
1299
1301
1302
1303
1304
1306
1307
1308
1309
1310
1311
1312
1313
1314
1315
1316
1317
1318
1319
1320
1321
1322
1323
1324
1325
1326
1327
1328
1329
1331
1332
1333
1335
1336
1338
1340
1342
1343
1344
1345
1346
1347
1348
1351
1353
1354
1355
1356
1357
1359
1360
1361
1362
1363
1364
1365
1366
1368
1370
1371
1372
1374
1376
1377
1378
1379
1381
1382
1384
1385
1387
1388
1390
1391
1392
1393
1394
1396
1397
1398
1399
1401
1402
1403
1404
1405
1407
1410
1411
1412
1414
1415
1416
1417
1418
1419
1421
1422
1423
1424
1425
1426
1427
1428
1429
1430
1431
1432
1434
1436
1437
1438
1440
1442
1445
1446
1447
1448
1449
1452
1453
1454
1455
1456
1458
1459
1461
1462
1463
1464
1465
1466
1468
1469
1470
1471
1472
1473
1474
1475
1476
1478
1479
1481
1482
1483
1484
1486
1487
1488
1490
1492
1493
1494
1495
1496
1497
1518
1521
1522
1523
1524
1525
1526
1528
1529
1530
1532
1534
1535
1536
1538
1539
1540
1541
1542
1544
1546
1547
1549
1550
1552
1554
1556
1557
1559
1561
1562
1564
1565
1567
1568
1569
1570
1571
1572
1574
1576
1577
1578
1579
1580
1581
1583
1584
1586
1587
1588
1589
1591
1593
1595
1596
1598
1600
1601
1602
1603
1605
1606
1607
1608
1609
1610
1612
1613
1614
1615
1616
1617
1618
1620
1621
1622
1624
1625
1626
1627
1628
1629
1630
1631
1632
1634
1635
1637
1638
1639
1641
1643
1644
1646
1647
1649
1651
1653
1654
1656
1657
1658
1659
1660
1661
1662
1663
1664
1665
1667
1669
1670
1671
1672
1673
1674
1675
1676
1677
1678
1679
1681
1683
1684
1685
1686
1687
1688
1689
1692
1693
1694
1696
1697
1700
1701
1702
1704
1705
1706
1707
1708
1711
1712
1713
1714
1715
1716
1717
1718
1719
1720
1722
1723
1724
1725
1726
1728
1729
1730
1731
1732
1734
1735
1736
1738
1740
1742
1743
1746
1747
1748
1749
1752
1753
1754
1755
1757
1758
1759
1760
1762
1764
1766
1767
1768
1769
1770
1771
1772
1773
1774
1775
1777
1779
1780
1781
1782
1783
1785
1786
1787
1789
1790
1791
1793
1794
1795
1796
1798
1799
1801
1802
1803
1804
1805
1806
1807
1808
1809
1811
1812
1813
1814
1816
1817
1819
1820
1821
1823
1824
1825
1826
1828
1829
1830
1833
1834
1835
1836
1838
1839
1840
1841
1844
1845
1846
1847
1849
1850
1851
1852
1853
1854
1855
1856
1857
1858
1859
1860
1861
1862
1863
1864
1865
1867
1868
1870
1871
1872
1873
1874
1876
1877
1878
1880
1881
1882
1883
1885
1887
1888
1889
1890
1892
1894
1895
1896
1897
1898
1900
1901
1903
1904
1906
1907
1908
1909
1911
1912
1913
1914
1915
1916
1917
1918
1919
1920
1922
1923
1924
1925
1928
1929
1930
1931
1932
1934
1935
1936
1937
1939
1940
1942
1945
1946
1947
1948
1949
1950
1951
1952
1953
1954
1955
1956
1958
1960
1961
1962
1963
1965
1969
1971
1973
1975
1976
1978
1979
1980
1981
1982
1984
1986
1988
1991
1993
1995
1996
1997
1999
2001
2003
2005
2006
2008
2009
2011
2012
2013
2014
2015
2016
2017
2018
2019
2021
2023
2024
2025
2027
2028
2030
2032
2033
2034
2035
2039
2042
2043
2044
2045
2046
2047
2048
2050
2051
2052
2053
2054
2055
2056
2058
2059
2060
2061
2062
2063
2065
2066
2067
2069
2071
2072
2074
2075
2076
2077
2080
2081
2083
2084
2085
2086
2087
2090
2091
2092
2093
2094
2095
2097
2099
2100
2101
2102
2104
2105
2106
2108
2109
2110
2112
2113
2114
2115
2116
2117
2119
2121
2124
2126
2128
2129
2130
2131
2132
2133
2134
2135
2136
2139
2141
2143
2146
2147
2148
2150
2151
2152
2153
2154
2155
2156
2158
2159
2161
2162
2164
2165
2166
2167
2168
2169
2170
2174
2175
2178
2179
2180
2182
2184
2187
2188
2189
2192
2193
2194
2195
2196
2197
2199
2201
2203
2205
2206
2208
2209
2211
2212
2214
2216
2217
2218
2219
2221
2223
2224
2225
2227
2228
2229
2232
2234
2238
2239
2241
2242
2243
2244
2245
2246
2249
2250
2252
2253
2254
2256
2257
2258
2259
2260
2261
2262
2263
2266
2267
2268
2269
2270
2272
2273
2274
2275
2276
2279
2280
2281
2282
2283
2284
2285
2286
2287
2288
2289
2290
2291
2292
2294
2295
2296
2298
2299
2301
2302
2303
2304
2305
2307
2308
2309
2311
2312
2313
2314
2317
2318
2319
2320
2322
2323
2325
2329
2331
2333
2334
2335
2336
2338
2339
2340
2341
2343
2344
2345
2347
2348
2350
2351
2352
2353
2354
2357
2358
2359
2360
2361
2363
2365
2367
2368
2369
2370
2371
2372
2374
2375
2376
2377
2379
2381
2382
2383
2385
2386
2389
2392
2393
2394
2395
2397
2398
2399
2400
2401
2402
2404
2405
2406
2407
2408
2409
2411
2412
2413
2415
2417
2419
2420
2422
2423
2424
2426
2427
2429
2430
2431
2433
2434
2435
2437
2439
2441
2442
2443
2444
2445
2446
2448
2449
2450
2451
2453
2454
2455
2456
2458
2459
2460
2461
2462
2463
2464
2465
2466
2467
2468
2470
2475
2476
2478
2479
2480
2481
2482
2484
2485
2486
2487
2489
2491
2492
2493
2494
2495
2496
2497
2498
2499
2500
2503
2505
2506
2507
2508
2509
2513
2515
2516
2517
2518
2519
2522
2523
2525
2526
2528
2529
2530
2531
2532
2533
2534
2537
2538
2539
2540
2541
2543
2544
2547
2550
2552
2553
2554
2555
2556
2558
2559
2560
2562
2563
2564
2565
2566
2567
2568
2571
2573
2574
2576
2577
2580
2581
2582
2583
2584
2587
2588
2589
2591
2592
2593
2594
2595
2596
2597
2599
2601
2602
2605
2607
2608
2610
2611
2612
2614
2616
2617
2618
2619
2621
2622
2625
2626
2627
2629
2631
2632
2633
2634
2636
2637
2638
2640
2641
2643
2645
2646
2647
2648
2651
2653
2655
2656
2657
2661
2663
2666
2668
2669
2670
2671
2672
2674
2675
2676
2679
2680
2681
2682
2683
2684
2686
2687
2689
2690
2693
2694
2695
2696
2697
2698
2699
2701
2702
2704
2705
2707
2710
2711
2713
2715
2716
2718
2719
2720
2723
2724
2725
2726
2727
2728
2730
2732
2735
2737
2738
2739
2740
2741
2744
2746
2748
2750
2752
2753
2755
2756
2757
2758
2760
2761
2763
2764
2765
2766
2768
2769
2770
2772
2773
2775
2776
2778
2780
2782
2783
2785
2786
2787
2788
2790
2793
2795
2796
2797
2798
2799
2800
2803
2807
2808
2809
2810
2812
2813
2816
2818
2819
2820
2823
2824
2825
2828
2830
2831
2832
2833
2834
2836
2837
2838
2839
2841
2844
2848
2850
2852
2853
2854
2857
2859
2861
2862
2863
2864
2865
2867
2868
2869
2871
2872
2875
2876
2877
2879
2880
2881
2882
2883
2884
2886
2887
2888
2889
2892
2893
2894
2897
2898
2900
2901
2902
2903
2904
2906
2907
2909
2910
2911
2912
2913
2914
2915
2919
2921
2922
2923
2925
2926
2928
2931
2932
2933
2935
2950
2952
2953
2955
2956
2958
2959
2961
2963
2964
2965
2966
2967
2970
2972
2973
2974
2975
2977
2978
2980
2981
2982
2984
2986
2987
2989
2992
2993
2994
2997
2998
2999
3000
3001
3002
3004
3005
3007
3009
3010
3011
3012
3013
3014
3016
3017
3018
3019
3022
3024
3026
3028
3029
3031
3033
3037
3038
3039
3041
3042
3044
3045
3046
3048
3049
3050
3051
3053
3054
3058
3060
3062
3064
3066
3069
3070
3072
3073
3075
3076
3077
3079
3080
3081
3082
3083
3084
3085
3086
3089
3090
3091
3092
3093
3094
3095
3096
3097
3100
3101
3102
3103
3104
3105
3106
3107
3108
3109
3111
3112
3113
3114
3117
3118
3119
3120
3121
3122
3123
3124
3125
3126
3128
3129
3130
3131
3133
3134
3136
3137
3138
3139
3140
3141
3143
3144
3145
3147
3148
3150
3151
3152
3153
3156
3158
3159
3160
3162
3163
3164
3165
3166
3167
3168
3169
3170
3173
3174
3175
3176
3177
3180
3181
3183
3184
3186
3187
3189
3191
3192
3193
3194
3195
3196
3198
3199
3200
3201
3203
3205
3206
3207
3208
3212
3214
3215
3216
3217
3218
3219
3221
3224
3225
3226
3227
3229
3230
3232
3233
3235
3236
3239
3240
3243
3244
3245
3248
3249
3251
3255
3257
3258
3259
3260
3262
3264
3265
3268
3269
3270
3272
3274
3275
3276
3277
3278
3280
3282
3283
3284
3285
3287
3288
3289
3290
3291
3292
3293
3295
3296
3298
3299
3301
3303
3304
3305
3306
3307
3308
3310
3312
3313
3314
3315
3317
3318
3321
3322
3323
3325
3326
3330
3332
3334
3336
3337
3338
3340
3341
3342
3344
3346
3348
3349
3352
3353
3355
3357
3359
3360
3363
3364
3365
3367
3368
3369
3370
3371
3372
3373
3375
3376
3378
3379
3380
3381
3383
3384
3386
3389
3390
3391
3392
3394
3395
3396
3397
3398
3399
3400
3402
3403
3404
3406
3407
3408
3412
3414
3415
3416
3417
3418
3420
3421
3422
3423
3424
3426
3427
3428
3429
3431
3433
3434
3435
3437
3438
3439
3441
3442
3443
3446
3448
3449
3450
3452
3453
3454
3455
3457
3458
3459
3461
3463
3465
3467
3468
3469
3471
3473
3474
3476
3477
3478
3482
3484
3485
3488
3492
3493
3494
3495
3496
3497
3498
3499
3502
3504
3505
3506
3508
3509
3510
3512
3514
3515
3516
3517
3518
3519
3520
3523
3524
3526
3527
3528
3529
3530
3532
3533
3534
3535
3536
3537
3538
3540
3541
3543
3544
3545
3547
3549
3552
3553
3556
3557
3558
3559
3561
3564
3565
3566
3567
3568
3569
3571
3574
3577
3579
3580
3582
3583
3584
3586
3587
3588
3590
3592
3593
3596
3598
3599
3601
3602
3604
3605
3606
3607
3609
3610
3611
3614
3615
3617
3618
3621
3622
3623
3624
3626
3628
3629
3632
3633
3634
3636
3637
3638
3639
3642
3644
3645
3646
3647
3649
3652
3653
3655
3658
3661
3663
3665
3666
3667
3669
3670
3671
3672
3675
3676
3677
3678
3679
3680
3682
3684
3687
3688
3692
3693
3694
3697
3699
3700
3701
3702
3704
3709
3710
3712
3714
3717
3718
3719
3722
3725
3727
3730
3731
3732
3734
3736
3737
3738
3740
3742
3744
3745
3748
3751
3753
3754
3755
3756
3760
3761
3762
3764
3766
3768
3771
3772
3774
3776
3777
3778
3779
3780
3781
3782
3783
3785
3786
3788
3789
3791
3792
3794
3795
3796
3797
3798
3799
3800
3801
3802
3803
3806
3808
3809
3811
3812
3815
3816
3818
3821
3823
3825
3828
3830
3833
3835
3837
3838
3839
3840
3842
3843
3845
3847
3849
3851
3852
3855
3856
3859
3861
3862
3863
3864
3865
3866
3867
3869
3871
3873
3874
3877
3879
3880
3881
3882
3883
3884
3886
3890
3891
3892
3893
3894
3896
3898
3899
3902
3904
3905
3906
3907
3909
3910
3912
3914
3920
3922
3924
3925
3928
3929
3931
3933
3934
3935
3938
3939
3941
3942
3943
3944
3946
3947
3948
3950
3951
3952
3953
3954
3956
3957
3959
3960
3961
3964
3965
3966
3968
3969
3970
3971
3974
3975
3976
3978
3981
3983
3985
3986
3987
3988
3990
3993
3994
3995
3997
3998
3999
4000
4001
4002
4003
4005
4006
4008
4009
4011
4012
4014
4015
4016
4020
4021
4022
4023
4024
4026
4028
4029
4031
4034
4035
4037
4038
4041
4042
4043
4044
4046
4047
4048
4050
4052
4054
4056
4058
4059
4060
4062
4064
4066
4069
4071
4074
4076
4079
4081
4082
4085
4086
4088
4089
4090
4092
4094
4095
4096
4097
4099
4100
4103
4105
4107
4110
4111
4112
4114
4115
4116
4117
4119
4120
4122
4125
4126
4128
4131
4132
4134
4137
4140
4141
4145
4146
4148
4149
4150
4154
4155
4156
4157
4158
4160
4162
4165
4166
4168
4169
4170
4171
4172
4173
4175
4176
4180
4183
4185
4188
4191
4193
4195
4197
4198
4199
4203
4204
4206
4207
4209
4210
4211
4214
4217
4218
4219
4221
4224
4225
4226
4229
4231
4232
4233
4235
4236
4237
4238
4239
4241
4242
4244
4246
4247
4249
4250
4251
4253
4255
4257
4259
4260
4261
4263
4265
4267
4269
4270
4271
4274
4275
4278
4280
4282
4284
4289
4290
4292
4295
4297
4298
4299
4300
4302
4303
4306
4307
4308
4310
4311
4312
4313
4314
4315
4318
4319
4320
4321
4322
4324
4325
4326
4329
4330
4332
4333
4334
4335
4336
4337
4338
4339
4340
4343
4344
4346
4347
4349
4295
4296
4299
4302
4304
4306
4307
4308
4310
4311
4312
4314
4315
4316
4317
4319
4321
4323
4325
4326
4329
4333
4334
4335
4337
4339
4340
4341
4343
4344
4347
4349
4350
4352
4353
4354
4355
4356
4357
4358
4359
4361
4363
4364
4365
4366
4368
4369
4372
4373
4375
4377
4378
4380
4381
4382
4383
4385
4386
4387
4389
4391
4392
4394
4395
4397
4400
4401
4402
4403
4404
4405
4406
4409
4410
4412
4413
4416
4418
4419
4420
4421
4425
4426
4429
4431
4433
4435
4436
4437
4438
4439
4440
4441
4443
4444
4447
4448
4449
4450
4451
4452
4455
4456
4457
4458
4460
4463
4465
4467
4468
4469
4473
4474
4475
4476
4479
4482
4483
4484
4486
4487
4488
4489
4490
4495
4498
4500
4501
4504
4507
4509
4510
4512
4513
4514
4515
4517
4519
4520
4521
4522
4524
4526
4527
4528
4529
4531
4532
4534
4537
4539
4540
4542
4544
4545
4547
4548
4551
4552
4553
4555
4557
4561
4563
4567
4569
4570
4573
4574
4576
4578
4579
4581
4582
4583
4584
4586
4587
4589
4590
4591
4592
4595
4597
4598
4600
4603
4604
4607
4609
4611
4614
4616
4617
4618
4619
4621
4622
4623
4624
4625
4626
4628
4629
4630
4631
4633
4635
4637
4638
4639
4642
4643
4644
4647
4648
4649
4650
4651
4653
4654
4656
4658
4661
4664
4665
4669
4671
4676
4677
4679
4681
4683
4684
4686
4687
4689
4690
4693
4695
4699
4704
4706
4707
4708
4709
4710
4712
4713
4714
4715
4716
4717
4719
4721
4722
4723
4725
4726
4727
4728
4730
4731
4733
4735
4737
4739
4741
4742
4743
4745
4747
4749
4750
4752
4753
4754
4756
4757
4758
4761
4764
4765
4767
4769
4772
4773
4774
4775
4777
4778
4779
4780
4783
4786
4788
4789
4791
4793
4797
4798
4801
4803
4805
4807
4808
4810
4811
4812
4813
4814
4815
4816
4817
4819
4821
4822
4824
4825
4826
4830
4831
4832
4833
4834
4836
4837
4839
4841
4844
4846
4847
4848
4851
4853
4854
4856
4858
4861
4863
4864
4867
4869
4870
4872
4875
4876
4880
4881
4883
4884
4886
4887
4889
4890
4891
4893
4895
4896
4897
4898
4900
4902
4903
4904
4905
4907
4908
4909
4910
4911
4913
4915
4916
4917
4919
4922
4924
4925
4928
4929
4930
4931
4932
4934
4935
4937
4938
4939
4941
4942
4943
4945
4946
4947
4949
4955
4957
4959
4961
4963
4965
4968
4971
4972
4973
4974
4977
4979
4981
4983
4985
4986
4988
4989
4990
4991
4992
4995
4996
5000
5001
5002
5003
5004
5006
5007
5008
5011
5013
5015
5018
5019
5023
5025
5027
5028
5030
5031
5033
5035
5038
5040
5041
5044
5045
5047
5050
5051
5053
5055
5057
5058
5059
5061
5064
5065
5067
5068
5069
5072
5074
5075
5077
5080
5081
5082
5084
5085
5087
5088
5090
5091
5092
5093
5094
5096
5097
5098
5101
5102
5104
5106
5107
5109
5112
5114
5115
5118
5119
5120
5121
5122
5123
5124
5125
5128
5130
5132
5133
5134
5136
5138
5140
5142
5143
5145
5147
5149
5150
5151
5154
5155
5156
5157
5159
5160
5162
5163
5164
5166
5167
5170
5171
5173
5175
5177
5180
5181
5183
5184
5187
5189
5191
5192
5193
5195
5197
5199
5201
5203
5204
5206
5208
5210
5212
5213
5215
5217
5219
5222
5223
5225
5228
5229
5230
5233
5234
5236
5237
5239
5241
5242
5243
5245
5246
5250
5252
5253
5254
5255
5259
5260
5261
5262
5264
5266
5267
5269
5271
5274
5276
5278
5279
5281
5283
5285
5288
5292
5295
5297
5298
5301
5302
5303
5304
5305
5306
5307
5308
5310
5311
5312
5314
5318
5320
5321
5322
5323
5325
5329
5330
5332
5333
5335
5336
5338
5341
5342
5343
5344
5349
5350
5352
5353
5354
5356
5357
5358
5362
5363
5366
5368
5369
5370
5373
5375
5377
5381
5384
5386
5387
5388
5390
5392
5395
5396
5397
5401
5402
5403
5404
5406
5408
5410
5411
5412
5413
5416
5417
5418
5420
5421
5423
5426
5429
5431
5433
5434
5436
5437
5439
5441
5446
5447
5449
5451
5453
5454
5457
5459
5464
5466
5469
5471
5472
5476
5479
5480
5483
5484
5485
5486
5487
5488
5489
5491
5493
5495
5496
5497
5498
5499
5500
5502
5503
5506
5509
5513
5514
5515
5518
5520
5524
5525
5528
5531
5532
5533
5537
5538
5539
5542
5543
5547
5548
5551
5554
5557
5559
5561
5565
5566
5567
5569
5573
5575
5576
5580
5582
5583
5586
5587
5588
5592
5593
5595
5596
5598
5600
5601
5602
5604
5605
5606
5607
5608
5609
5611
5614
5616
5617
5619
5620
5621
5625
5626
5628
5629
5631
5633
5634
5635
5638
5639
5642
5643
5644
5646
5647
5650
5651
5652
5654
5657
5658
5659
5660
5661
5664
5666
5668
5672
5674
5675
5677
5679
5681
5683
5685
5687
5689
5691
5693
5694
5696
5699
5702
5704
5707
5708
5710
5712
5713
5715
5716
5718
5719
5720
5721
5724
5726
5728
5730
5732
5734
5736
5739
5740
5742
5743
5746
5748
5752
5753
5754
5755
5756
5758
5762
5763
5766
5769
5770
5771
5772
5773
5774
5775
5778
5781
5783
5784
5785
5787
5788
5790
5792
5793
5795
5796
5801
5803
5804
5806
5808
5811
5812
5814
5815
5817
5819
5821
5823
5824
5827
5829
5872
5873
5876
5877
5879
5880
5881
5882
5883
5885
5888
5889
5890
5892
5894
5897
5899
5900
5903
5905
5906
1
2
3
4
5
6
7
8
9
10
11
12
13
14
15
16
17
18
19
20
21
22
23
24
25
26
27
28
29
30
31
32
33
34
35
36
37
38
39
40
41
42
43
44
45
46
47
48
49
50
51
52
53
54
55
56
57
58
59
60
61
62
63
64
65
66
67
69
70
71
72
73
74
75
76
77
78
79
80
81
82
83
84
85
86
87
88
89
90
91
92
93
94
95
96
97
98
99
100
101
102
103
104
105
106
107
108
109
110
111
112
113
114
115
116
117
118
119
120
121
122
123
124
125
126
127
128
129
130
131
132
133
134
135
136
137
138
139
140
141
142
143
144
145
146
147
148
149
150
151
152
153
154
155
156
157
158
159
160
161
162
164
165
166
167
168
169
170
171
172
173
174
175
176
177
178
179
180
181
182
183
184
185
186
187
188
189
192
193
194
195
196
198
199
200
201
202
203
204
205
206
207
208
209
210
211
212
213
214
215
216
217
218
219
220
221
222
223
224
225
226
227
228
229
230
231
232
234
235
236
237
238
239
240
242
243
244
245
246
247
248
249
250
251
253
254
255
256
257
258
260
261
262
263
264
265
267
268
269
270
271
272
273
274
275
277
279
280
281
282
283
284
285
286
287
288
289
290
291
292
293
294
295
296
297
298
300
301
302
304
305
306
307
308
309
310
311
312
313
314
315
316
317
318
319
320
321
322
323
324
325
326
327
328
329
330
331
332
334
335
336
337
338
339
340
341
342
343
345
346
347
348
349
350
351
352
353
354
355
356
357
358
359
360
361
363
364
365
366
368
369
370
374
375
376
377
378
379
380
381
382
383
384
385
386
387
388
389
390
391
393
394
395
396
397
398
399
400
401
402
403
404
405
407
409
410
411
412
413
414
415
416
417
418
419
420
421
422
423
424
425
427
428
429
430
431
432
433
434
435
436
437
438
441
442
443
444
445
446
447
448
449
450
451
452
453
454
455
456
457
458
459
460
461
462
463
464
465
466
467
468
469
470
471
472
473
474
475
476
477
478
480
481
482
483
484
485
486
487
488
489
490
491
492
493
494
495
497
498
499
500
501
502
503
504
505
506
507
508
509
510
511
512
513
514
515
516
518
519
520
521
522
523
524
525
526
527
531
532
533
534
537
538
539
540
541
542
543
544
545
546
547
549
550
551
552
553
554
555
556
557
558
559
560
561
562
564
565
566
567
568
569
570
571
572
573
574
575
576
577
578
579
581
582
583
585
586
587
588
589
590
591
592
594
595
596
597
598
599
600
601
602
604
605
606
607
608
609
610
611
613
614
615
617
618
619
620
621
622
623
625
626
627
628
629
630
632
633
634
635
636
637
640
641
642
644
645
646
647
649
650
651
652
653
654
655
656
657
660
661
662
663
664
665
666
667
668
669
670
671
672
673
674
675
676
678
679
680
681
682
683
685
686
687
688
689
690
691
692
693
694
695
696
697
698
699
700
701
702
703
704
705
706
707
708
709
710
711
712
713
714
715
716
717
718
719
720
721
722
723
724
725
726
727
728
731
732
734
735
736
737
738
739
740
741
743
744
745
746
747
748
749
750
751
752
753
754
756
757
758
759
760
764
765
766
767
768
769
771
772
773
774
775
776
777
779
780
781
782
783
786
787
789
790
791
792
793
794
795
796
797
798
800
802
803
806
808
809
810
811
812
814
815
816
817
818
819
820
821
823
824
825
827
830
832
833
834
835
836
837
838
841
842
843
844
845
846
847
849
850
851
852
853
854
855
856
857
858
859
860
861
862
865
866
867
868
870
871
872
873
874
875
877
878
879
880
882
883
884
887
888
891
892
893
895
896
897
898
899
900
902
903
904
905
906
907
908
909
910
912
913
914
915
916
917
918
919
920
921
922
923
924
925
926
928
929
933
934
938
939
940
941
942
943
944
945
947
948
949
950
951
952
953
954
955
956
957
959
960
961
962
963
964
965
966
967
968
969
971
972
973
975
976
977
978
979
980
981
982
983
984
985
986
987
989
990
991
992
995
998
999
1000
1001
1002
1003
1004
1005
1006
1007
1008
1009
1010
1011
1012
1013
1014
1015
1017
1019
1020
1021
1022
1023
1024
1025
1026
1027
1053
1058
1059
1060
1062
1063
1065
1066
1067
1068
1069
1070
1071
1072
1073
1074
1075
1076
1077
1078
1079
1081
1082
1083
1085
1087
1088
1089
1090
1091
1092
1093
1094
1095
1096
1097
1098
1099
1100
1101
1102
1103
1104
1105
1106
1107
1108
1109
1110
1111
1112
1113
1114
1115
1116
1117
1118
1119
1120
1121
1122
1123
1127
1128
1129
1130
1131
1132
1133
1135
1136
1137
1138
1139
1140
1141
1143
1145
1146
1147
1148
1149
1150
1151
1152
1153
1155
1156
1157
1158
1159
1160
1161
1163
1164
1165
1166
1167
1168
1169
1170
1171
1172
1173
1174
1175
1176
1177
1179
1180
1181
1183
1184
1186
1188
1189
1190
1191
1192
1196
1198
1199
1201
1202
1203
1205
1206
1208
1209
1210
1211
1212
1213
1214
1215
1216
1217
1218
1219
1220
1221
1222
1223
1224
1225
1226
1227
1230
1231
1232
1233
1234
1235
1236
1237
1239
1241
1242
1243
1246
1247
1249
1251
1252
1253
1254
1255
1256
1257
1259
1260
1261
1263
1264
1265
1266
1269
1270
1271
1272
1273
1274
1275
1276
1278
1279
1281
1282
1283
1284
1285
1286
1287
1289
1290
1291
1292
1293
1295
1296
1297
1298
1300
1301
1302
1303
1306
1308
1309
1310
1311
1312
1313
1314
1316
1317
1318
1319
1320
1321
1322
1323
1324
1325
1326
1330
1331
1332
1333
1334
1335
1336
1337
1340
1342
1343
1344
1345
1347
1348
1349
1350
1351
1352
1353
1354
1355
1356
1357
1360
1361
1362
1363
1364
1365
1367
1368
1369
1370
1371
1373
1374
1376
1377
1378
1379
1381
1382
1388
1389
1392
1394
1396
1397
1398
1399
1401
1402
1404
1405
1406
1415
1416
1418
1419
1420
1422
1425
1426
1427
1429
1430
1432
1433
1434
1435
1436
1440
1443
1444
1445
1447
1451
1456
1457
1458
1461
1462
1463
1464
1466
1467
1468
1469
1470
1471
1472
1473
1474
1475
1476
1477
1481
1482
1483
1484
1486
1487
1488
1489
1490
1491
1494
1495
1496
1499
1501
1502
1503
1504
1505
1506
1509
1510
1511
1515
1516
1517
1518
1520
1521
1522
1523
1524
1526
1527
1528
1529
1530
1531
1532
1533
1534
1535
1536
1537
1538
1539
1541
1542
1543
1544
1546
1547
1549
1550
1551
1552
1555
1561
1562
1563
1564
1565
1566
1567
1568
1569
1570
1571
1572
1573
1574
1575
1576
1577
1579
1581
1584
1586
1587
1590
1595
1596
1598
1599
1601
1602
1603
1606
1607
1609
1610
1611
1612
1613
1614
1615
1616
1617
1618
1621
1623
1624
1625
1627
1628
1630
1631
1633
1634
1636
1637
1638
1639
1640
1641
1642
1644
1645
1646
1647
1648
1649
1650
1651
1652
1656
1657
1658
1660
1662
1665
1666
1667
1671
1672
1673
1674
1676
1677
1678
1679
1680
1685
1686
1687
1688
1691
1693
1695
1696
1697
1698
1699
1700
1701
1702
1703
1704
1705
1706
1710
1712
1715
1716
1717
1719
1720
1721
1723
1724
1725
1726
1727
1730
1731
1733
1734
1737
1739
1742
1743
1745
1746
1747
1749
1751
1753
1754
1755
1756
1757
1758
1759
1760
1761
1764
1765
1766
1767
1768
1769
1771
1772
1775
1776
1777
1778
1779
1784
1791
1792
1793
1797
1810
1811
1812
1813
1814
1816
1817
1820
1822
1823
1824
1827
1831
1832
1833
1834
1835
1836
1837
1839
1840
1841
1842
1844
1845
1846
1848
1850
1851
1852
1853
1855
1856
1861
1862
1863
1865
1867
1868
1869
1872
1873
1874
1875
1876
1877
1879
1885
1886
1888
1889
1890
1891
1892
1901
1904
1906
1909
1910
1911
1912
1913
1915
1917
1918
1919
1920
1921
1924
1925
1930
1931
1933
1934
1936
1938
1940
1944
1945
1946
1949
1950
1951
1952
1956
1957
1958
1959
1961
1962
1963
1965
1967
1968
1969
1970
1971
1976
1977
1979
1980
1985
1986
1989
1992
1994
1995
1996
1997
1998
1999
2000
2003
2005
2007
2008
2009
2010
2011
2012
2014
2017
2019
2020
2023
2026
2027
2028
2029
2030
2032
2033
2034
2037
2040
2041
2042
2043
2044
2045
2047
2048
2049
2050
2052
2053
2054
2055
2056
2057
2058
2060
2061
2063
2064
2065
2068
2069
2070
2072
2073
2074
2077
2079
2080
2081
2082
2083
2084
2085
2086
2087
2089
2091
2092
2093
2094
2096
2097
2098
2099
2101
2103
2104
2105
2107
2108
2110
2111
2114
2117
2118
2121
2123
2125
2126
2128
2130
2131
2132
2138
2139
2142
2143
2145
2146
2147
2149
2152
2153
2155
2156
2157
2158
2164
2166
2167
2168
2170
2172
2173
2174
2175
2176
2179
2181
2184
2185
2188
2195
2196
2197
2198
2201
2204
2206
2209
2210
2211
2212
2213
2215
2216
2218
2219
2221
2224
2225
2227
2228
2230
2231
2233
2237
2238
2239
2240
2241
2242
2244
2248
2250
2251
2253
2254
2262
2265
2266
2268
2269
2270
2271
2272
2273
2274
2277
2279
2281
2282
2283
2284
2285
2287
2289
2291
2292
2294
2295
2296
2299
2300
2303
2304
2310
2311
2312
2313
2317
2320
2321
2322
2324
2327
2329
2330
2331
2333
2336
2341
2345
2347
2348
2349
2351
2353
2354
2355
2356
2357
2358
2359
2360
2364
2365
2366
2369
2370
2371
2372
2373
2378
2379
2380
2381
2382
2385
2387
2388
2389
2390
2391
2392
2393
2398
2399
2400
2401
2402
2403
2408
2409
2410
2411
2412
2414
2415
2420
2422
2430
2434
2435
2436
2439
2443
2444
2445
2446
2448
2449
2451
2452
2453
2456
2458
2459
2461
2462
2463
2464
2467
2468
2469
2470
2475
2476
2477
2479
2481
2483
2484
2487
2488
2489
2490
2493
2494
2496
2497
2503
2505
2506
2511
2512
2514
2516
2517
2521
2523
2524
2525
2526
2530
2531
2540
2541
2543
2545
2547
2548
2549
2551
2552
2553
2554
2557
2559
2560
2562
2563
2565
2567
2568
2569
2577
2580
2581
2584
2589
2590
2591
2592
2598
2599
2600
2601
2602
2603
2604
2605
2606
2612
2613
2614
2615
2616
2617
2619
2630
2631
2632
2633
2639
2640
2641
2642
2643
2644
2645
2646
2649
2651
2652
2656
2663
2664
2665
2666
2667
2668
2671
2673
2674
2675
2676
2677
2678
2681
2682
2688
2689
2692
2693
2694
2698
2699
2700
2701
2703
2705
2707
2708
2709
2711
2712
2713
2716
2717
2721
2722
2724
2725
2726
2727
2733
2734
2735
2736
2737
2739
2743
2744
2745
2746
2750
2751
2752
2759
2770
2771
2775
2776
2783
2784
2785
2786
2787
2792
2795
2796
2797
2798
2801
2802
2803
2804
2805
2807
2815
2816
2820
2821
2823
2824
2826
2827
2829
2832
2834
2835
2836
2839
2842
2843
2844
2846
2847
2849
2852
2853
2856
2859
2866
2873
2874
2875
2877
2880
2882
2888
2890
2895
2897
2898
2899
2900
2901
2912
2917
2918
2919
2920
2921
2925
2932
2933
2936
2940
2942
2944
2945
2946
2947
2948
2949
2950
2952
2956
2960
2962
2965
2967
2968
2972
2974
2975
2976
2977
2980
2981
2982
2987
2988
2992
2993
2994
2995
2996
2998
3003
3004
3005
3006
3007
3008
3010
3011
3013
3014
3037
3038
3044
3045
3046
3047
3049
3050
3051
3052
3053
3054
3056
3058
3059
3061
3062
3063
3064
3066
3068
3071
3075
3079
3080
3081
3084
3085
3086
3087
3091
3092
3093
3110
3112
3113
3127
3128
3139
3140
3141
3145
3148
3149
3150
3151
3153
3155
3156
3157
3160
3162
3164
3165
3169
3170
3173
3177
3178
3191
3193
3196
3197
3199
3201
3202
3203
3205
3207
3208
3212
3213
3217
3224
3228
3229
3230
3235
3249
3250
3251
3252
3253
3254
3256
3260
3262
3263
3264
3266
3269
3270
3271
3275
3276
3284
3287
3289
3291
3292
3296
3297
3298
3301
3310
3311
3320
3321
3324
3325
3326
3327
3336
3337
3338
3341
3342
3343
3344
3347
3349
3350
3351
3352
3354
3355
3356
3357
3358
3367
3368
3369
3370
3372
3373
3374
3375
3386
3387
3390
3391
3394
3395
3399
3400
3401
3407
3408
3409
3415
3417
3418
3427
3428
3429
3430
3451
3452
3453
3454
3463
3464
3465
3467
3468
3469
3470
3473
3483
3484
3488
3496
3497
3498
3500
3501
3502
3503
3512
3514
3515
3517
3518
3520
3524
3527
3545
3547
3549
3551
3559
3560
3565
3566
3573
3579
3580
3582
3585
3586
3587
3590
3591
3593
3599
3600
3604
3606
3607
3608
3609
3610
3611
3614
3619
3620
3621
3623
3625
3627
3628
3630
3631
3632
3633
3636
3638
3639
3645
3666
3667
3668
3669
3670
3671
3672
3675
3676
3681
3687
3688
3694
3695
3696
3700
3701
3702
3703
3705
3706
3714
3715
3722
3724
3754
3756
3757
3758
3759
3765
3766
3767
3772
3773
3776
3784
3790
3792
3793
3795
3796
3799
3806
3807
3809
3810
3811
3816
3817
3818
3819
3820
3824
3830
3833
3837
3839
3840
3845
3846
3849
3850
3851
3852
3855
3856
3857
3858
3859
3873
3875
3877
3880
3881
3889
3891
3894
3897
3898
3899
3908
3909
3910
3911
3913
3914
3917
3919
3921
3922
3925
3932
3939
3941
3943
3945
3949
3952
3953
3955
3956
3957
3958
3961
3962
3963
3971
3977
3978
3979
3980
3981
3982
3985
3991
3992
3993
3995
4001
4002
4008
4011
4012
4019
4020
4024
4026
4027
4028
4030
4031
4032
4045
4046
4047
4051
4053
4054
4057
4058
4061
4062
4063
4064
4068
4069
4070
4071
4072
4073
4074
4075
4076
4077
4088
4090
4092
4098
4099
4101
4102
4107
4110
4111
4124
4126
4127
4130
4133
4135
4139
4152
4169
4179
4180
4181
4182
4184
4189
4190
4191
4193
4194
4195
4217
4219
4221
4226
4228
4229
4230
4231
4232
4241
4259
4260
4261
4262
4263
4269
4270
4273
4282
4284
4286
4288
4291
4292
4293
4294
4302
4306
4307
4308
4309
4311
4312
4318
4320
4321
4323
4324
4326
4327
4328
4330
4331
4332
4354
4355
4356
4357
4365
4366
4367
4368
4369
4370
4376
4377
4383
4384
4390
4391
4393
4394
4396
4397
4399
4400
4405
4406
4407
4408
4411
4437
4440
4441
4448
4450
4451
4452
4456
4458
4459
4460
4464
4465
4478
4479
4481
4486
4494
4496
4497
4500
4501
4505
4508
4510
4511
4523
4524
4525
4552
4563
4564
4575
4584
4585
4591
4598
4599
4600
4601
4607
4611
4612
4613
4625
4626
4627
4628
4632
4634
4636
4638
4647
4648
4650
4652
4653
4655
4656
4661
4662
4667
4668
4683
4686
4687
4689
4693
4694
4695
4696
4700
4701
4702
4704
4708
4711
4715
4716
4720
4721
4722
4724
4725
4727
4735
4742
4759
4760
4761
4765
4766
4771
4774
4775
4778
4779
4781
4782
4784
4791
4801
4816
4822
4826
4829
4830
4831
4832
4836
4843
4846
4856
4864
4866
4868
4872
4873
4900
4904
4913
4915
4917
4919
4922
4924
4927
4930
4935
4938
4939
4973
4976
4978
4980
4981
4987
4989
4990
4991
4992
4993
4994
4998
4999
5000
5002
5008
5009
5032
5046
5047
5057
5058
5059
5063
5068
5074
5075
5077
5078
5080
5081
5103
5110
5122
5125
5154
5157
5164
5165
5168
5169
5170
5171
5177
5178
5179
5209
5217
5218
5220
5222
5229
5242
5258
5259
5261
5262
5264
5270
5271
5272
5275
5277
5278
5280
5289
5292
5295
5296
5298
5302
5303
5304
5305
5307
5308
5319
5320
5325
5327
5329
5330
5331
5335
5341
5362
5392
5393
5394
5396
5397
5403
5426
5433
5435
5454
5456
5457
5458
5459
5460
5461
5466
5508
5534
5537
5538
5542
5547
5555
5557
5558
5559
5560
5561
5562
5590
5595
5596
5599
5622
5623
5625
5627
5635
5636
5640
5642
5645
5648
5649
5652
5662
5663
5668
5672
5676
5683
5685
5687
5691
5692
5693
5695
5711
5712
5729
5762
5763
5775
5776
5801
5807
5813
5816
5819
5820
5822
5826
5880
5885
5886
5889
5895
5901
5906
5924
5925
5926
5929
5931
5932
5934
5935
5940
5945
5956
5962
5964
5966
5968
5972
6002
6004
6052
6087
6092
6093
6097
6099
6124
6129
6130
6131
6132
6134
6164
6174
6178
6191
6204
6206
6207
6209
6210
6241
6299
6321
6328
6329
6330
6340
6343
6350
6380
6411
6412
6413
6414
6448
6449
6453
6454
6457
6460
6461
6463
6484
6551
6552
6561
6562
6565
6566
6622
6623
6625
6626
6631
6637
6638
6640
6650
6651
6657
6658
6659
6700
6702
6703
6705
6749
6754
6756
6811
6818
6822
6827
6828
6829
6863
6864
6872
6886
6887
6888
6892
6893
6895
6929
6937
6938
6939
6971
6973
6975
6983
6984
6985
7060
7061
7064
7074
7079
7080
7084
7085
7086
7090
7095
7099
7102
7105
7107
7108
7117
7118
7119
7126
7185
7191
7192
7193
7195
7196
7198
7230
7231
7235
7239
7242
7245
7247
7248
7249
7326
7344
7345
7347
7352
7364
7365
7367
7421
7424
7444
7445
7447
7467
7479
7480
7486
7487
7488
7489
7496
7501
7509
7516
7531
7555
7556
7557
7561
7564
7578
7583
7586
7587
7588
7590
7594
7595
7596
7605
7606
7607
7616
7617
7619
7625
7636
7637
7647
7725
7726
7727
7734
7735
7748
7751
7762
7764
7772
7773
7786
7822
7825
7827
7828
7829
7847
7853
7858
7862
7868
7870
7877
7882
7886
7893
7894
7904
7908
7911
7925
7926
7934
7935
7941
7958
7970
7971
7974
7978
7981
7989
7990
7996
8007
8008
8011
8014
8018
8019
8021
8070
8071
8072
8093
8112
8125
8126
8134
8135
8139
8142
8144
8145
8147
8168
8169
8174
8178
8179
8193
8200
8203
8211
8213
8228
8229
8231
8233
8251
8284
8285
8286
8289
8290
8291
8315
7288
7300
7303
7304
7321
7340
7363
7364
7365
7367
7377
7385
7386
7401
7407
7430
7435
7444
7445
7446
7447
7453
7461
7466
7467
7470
7490
7491
7492
7493
7494
7498
7499
7504
7505
7529
7530
7531
7548
7572
7573
7576
7577
7581
7592
7600
7603
7604
7605
7606
7636
7650
7669
7676
7710
7718
7720
7722
7764
7765
7781
7786
7790
7813
7814
7815
7817
7818
7824
7825
7826
7834
7835
7842
7843
7846
7847
7872
7877
7883
7887
7895
7898
7899
7901
7922
7923
7926
7933
7937
7954
7966
7976
8018
8022
8031
8032
8061
8071
8085
8102
8121
8123
8124
8127
8132
8135
8147
8149
8178
8179
8182
8183
8196
8201
8203
8206
8207
8219
8220
8234
8235
8237
8249
8283
8289
8292
8298
8302
8303
8318
8319
8321
8322
8326
8333
8335
8336
8337
8349
8377
8385
8390
8391
8392
8396
8397
8401
8409
8456
8460
8486
8487
8493
8563
8564
8565
8566
8584
8616
8617
8623
8627
8629
8630
8657
8660
8661
8666
8667
8668
8670
8671
8698
8719
8726
8727
8729
8739
8740
8744
8747
8778
8781
8783
8784
8798
8803
8804
8806
8814
8818
8820
8823
8900
8901
8910
8911
8928
8930
8958
8965
8976
9013
9043
9051
9052
9061
9092
9106
9109
9112
9117
9134
9159
9161
9215
9221
9222
9232
9233
9300
9301
9310
9315
9318
9320
9321
9323
9326
9328
9355
9356
9359
9369
9370
9374
9381
9409
9460
9461
9480
9507
9508
9517
9518
9520
9527
9529
9530
9531
9532
9533
9542
9543
9569
9570
9575
9579
9583
9592
9606
9650
9651
9654
9660
9708
9712
9722
9747
9810
9849
9850
9926
9959
9960
10024
10049
10050
10075
10076
10079
10090
10092
10094
10095
10112
10115
10163
10170
10180
10188
10213
10215
10224
10226
10230
10237
10238
10249
10260
10261
10265
10274
10275
10279
10280
10282
10290
10291
10292
10304
10319
10320
10323
10326
10335
10344
10346
10347
10352
10354
10355
10358
10361
10365
10385
10386
10392
10409
10419
10445
10448
10450
10455
10488
10493
10496
10516
10538
10539
10540
10545
10554
10592
10601
10612
10623
10642
10656
10664
10679
10689
10690
10693
10704
10748
10759
10760
10763
10764
10810
10815
10821
10824
10835
10846
10848
10853
10860
10954
10981
10982
11021
11040
11081
11082
11128
11135
11221
11227
11268
11270
11274
11278
11281
11322
11358
11379
11446
11452
11459
11461
11525
11544
11547
11560
11632
11762
11770
11798
11828
11885
11887
11888
11915
11916
11974
12054
12059
12065
12066
12067
12134
12144
12157
12164
12170
12183
12198
12199
12251
12307
12309
12335
12342
12343
12354
12358
12359
12360
12384
12386
12387
12425
12486
12566
12616
12620
12625
12627
12654
12668
12679
12683
12728
12753
12808
12849
12886
12993
12996
13146
13148
13157
13167
13183
13189
13191
13205
13206
13207
13259
13270
13328
13332
13333
13389
13393
13400
13483
13603
13607
13725
13728
13734
13737
13765
13767
13792
13893
13904
13914
14052
14055
14087
14088
14094
14099
14101
14234
14265
14283
14328
14338
14339
14341
14343
14344
14351
14352
14362
14363
14395
14410
14467
14545
14546
14549
14668
14683
14736
14748
14799
14827
15078
15081
15137
15163
15222
15229
15251
15254
15267
15474
15475
15476
15498
15499
15542
15565
15566
15569
15599
15614
15616
15672
15846
15859
15863
15901
15963
15991
15995
16144
16189
16207
16243
16460
16487
16498
16499
16705
16736
16788
16794
16797
16798
16914
17146
17157
17164
17171
17172
17178
17179
17266
17273
17354
17372
17373
17410
17441
17478
17595
17598
17603
17640
17687
17716
17730
17741
17749
17758
17796
17818
17823
17901
17973
18102
18314
18346
18378
18384
18385
18386
18666
18674
18678
18708
18710
18712
19122
19194
19228
19369
19374
19390
19589
19660
19661
19669
19670
19678
19684
19685
19686
19705
19735
19967
19971
20226
20249
20281
20366
20367
20382
20383
20409
20467
20936
20972
20977
21487
21556
21563
21566
21567
21608
21626
21692
21784
21786
21788
22047
22498
22499
22500
22565
22566
22568
22760
22860
23008
23211
23221
23234
23256
23288
23321
23458
23709
23735
23754
23755
23756
23949
23951
24026
24071
24075
24084
24089
24093
24095
24115
24136
24328
24339
24423
24434
24435
24480
24581
24638
25145
25154
25155
25156
25166
25173
25179
25183
25283
25284
25660
25665
25710
25713
25730
25731
25824
25858
25859
25874
25913
25994
25995
25999
26010
26040
26312
26352
26357
26371
26372
26412
26421
26423
26424
26483
26507
26510
26643
26682
26706
26874
26925
26926
26973
26997
27564
27604
27810
27811
27814
27815
27822
27826
27829
27835
27865
28056
28062
28314
28356
28361
28951
28999
29072
29073
29135
29245
29435
29450
29481
29506
30037
30492
31260
31261
31262
31278
31350
31370
31371
31372
31450
31478
31596
31801
31813
31933
32035
32038
32311
32384
32410
32804
32815
32818
32842
32843
33000
33082
33367
33619
34793
34801
34927
34928
34935
34936
35949
36928
36998
37203
37209
37271
37305
37306
37358
37368
37369
37370
38532
38540
39681
40395
40502
40571
40580
40723
40757
40797
41339
41585
41594
41717
41768
41823
42676
42677
42705
42710
42819
44151
44698
45021
45263
45267
45407
45436
46497
46533
46534
46607
67323
67967
69051
69173
69175
69179
69975
69993
71087
71182
72044
72821
73091
73728
73910
74891
75328
76334
76337
76521
76525
77286
77300
77301
77516
78109
78123
78701
78753
79342
80755
80756
80792
80988
81620
83063
84107
84172
84173
84207
85516
85570
85634
86104
86440
86446
86458
87825
87837
87886
87892
88724
89002
89037
89261
89264
89422
89425
90372
91242
92732
93086
93916
95378
95575
95933
95988
97475
97479
98913
98991
99077
100670
100705
101178
101931
101999
102557
103964
105534
105618
107343
107374
108224
108740
109261
111059
111117
114069
114527
116499
117438
117591
117593
117597
119813
119815
119819
119822
122184
124644
124763
124993
127965
129530
130409
131416
132036
132047
135205
137179
137220
139568
141389
143088
143089
143550
144355
144434
144449
144553
146289
148777
150285
152812
153301
156594
160316
162068
165554
169159
170562
170839
1
2
3
4
5
6
7
8
9
10
11
12
13
14
15
16
17
18
19
20
21
22
23
24
25
26
27
28
29
30
31
32
33
34
35
36
37
38
39
40
41
42
43
44
45
46
47
48
49
50
51
52
53
54
55
56
57
58
59
60
61
62
63
64
65
66
67
68
69
70
71
72
73
74
75
76
77
78
79
80
81
82
83
84
85
86
87
88
89
90
91
92
93
94
95
96
97
98
99
100
101
102
103
104
105
106
107
108
109
110
111
112
113
114
115
116
117
118
119
120
121
122
123
124
125
126
127
128
129
130
131
132
133
134
135
136
137
138
139
140
141
142
143
144
145
146
147
148
149
150
151
152
153
154
155
156
157
158
159
160
162
163
164
165
166
167
168
169
170
171
172
173
174
175
176
177
178
179
180
181
182
183
184
185
186
187
188
190
191
192
193
194
195
196
197
198
199
200
201
202
203
204
205
206
207
208
209
210
211
212
213
214
215
216
217
218
220
221
222
223
224
225
226
227
228
229
230
231
232
233
234
235
236
237
238
239
240
241
242
243
244
246
247
249
250
251
252
253
254
255
256
257
258
259
260
261
263
264
265
266
267
268
269
270
271
272
273
275
276
277
278
279
280
282
283
284
285
286
287
288
289
290
291
292
293
294
295
296
297
298
299
300
301
302
303
304
305
306
308
309
310
311
312
313
314
315
316
317
318
319
320
321
322
323
324
325
326
327
328
329
330
331
332
333
334
335
336
337
338
339
340
341
342
343
344
345
346
347
348
349
350
351
352
354
355
356
357
358
359
360
361
362
363
364
365
366
367
368
369
370
371
372
373
374
375
376
377
378
379
380
388
389
391
392
395
396
399
400
401
402
403
404
405
406
407
408
409
411
412
413
414
415
416
417
418
419
420
421
423
424
425
426
427
428
429
430
431
433
434
435
436
437
438
439
441
442
443
444
445
447
448
449
450
452
453
454
455
456
457
458
459
460
462
463
464
465
466
467
469
470
471
472
473
474
475
476
477
478
480
481
482
483
484
485
486
487
488
489
490
491
492
494
495
496
497
498
499
500
501
502
503
505
507
508
509
511
513
514
515
516
517
518
519
520
521
522
524
525
526
527
528
529
530
531
532
533
534
535
536
537
538
539
540
541
543
544
545
546
547
548
549
550
551
552
553
554
556
557
558
559
561
562
563
564
565
566
567
568
569
570
571
572
573
574
575
576
577
578
579
580
581
582
583
585
587
588
589
590
591
593
596
597
598
601
602
603
604
606
608
609
610
611
612
614
615
616
617
618
619
620
622
623
624
625
627
628
631
632
633
634
635
636
637
638
640
642
645
646
647
648
649
651
652
653
654
655
656
657
658
659
660
661
662
663
664
665
666
667
668
669
670
672
673
674
675
676
677
678
679
680
681
682
683
684
686
687
688
689
690
691
693
694
695
696
697
698
699
700
701
702
703
705
706
707
708
709
710
711
713
714
715
716
717
718
719
720
721
722
723
724
725
726
728
729
730
732
733
735
736
737
738
739
740
741
742
743
744
745
746
747
748
749
750
751
752
753
754
755
758
760
762
764
765
766
767
768
769
770
771
772
773
774
775
776
778
781
782
783
784
785
786
787
788
789
790
792
793
794
795
796
797
798
800
801
802
803
804
805
807
809
810
811
813
814
815
816
819
820
821
822
823
824
825
826
827
828
829
830
831
832
833
834
837
838
839
840
841
842
843
845
846
847
848
850
853
855
856
857
859
860
861
864
865
866
867
868
869
871
872
873
874
875
876
877
878
880
881
882
883
885
887
888
889
890
891
894
895
896
898
899
900
901
902
903
904
905
906
907
908
910
911
912
913
914
915
917
918
920
922
923
924
925
926
927
928
929
930
931
932
933
934
935
936
938
939
940
941
942
943
945
946
947
948
949
950
951
952
953
955
956
958
959
960
963
965
967
968
970
971
973
974
975
976
977
978
980
981
982
983
986
987
988
989
991
992
993
994
995
996
998
999
1000
1001
1002
1004
1005
1006
1007
1008
1011
1012
1014
1015
1016
1017
1018
1019
1021
1022
1023
1024
1025
1026
1028
1029
1030
1031
1033
1034
1036
1037
1038
1039
1040
1041
1042
1043
1044
1045
1046
1047
1048
1050
1051
1053
1054
1055
1057
1058
1059
1060
1061
1063
1066
1069
1070
1071
1072
1073
1074
1075
1078
1080
1082
1085
1086
1087
1089
1093
1095
1096
1097
1098
1099
1100
1101
1103
1104
1105
1106
1107
1109
1111
1112
1113
1114
1115
1116
1117
1118
1120
1122
1124
1125
1126
1127
1128
1129
1131
1132
1133
1134
1135
1137
1138
1139
1140
1142
1143
1144
1146
1149
1151
1152
1153
1154
1155
1158
1160
1162
1163
1164
1165
1167
1168
1170
1171
1172
1173
1174
1176
1177
1178
1179
1180
1181
1185
1186
1187
1190
1193
1195
1197
1198
1200
1201
1203
1205
1206
1208
1209
1210
1211
1213
1214
1215
1216
1217
1218
1219
1220
1221
1223
1224
1225
1227
1229
1231
1233
1234
1235
1236
1237
1238
1239
1240
1241
1243
1244
1246
1248
1249
1251
1252
1253
1254
1256
1257
1258
1259
1260
1261
1264
1265
1266
1268
1269
1271
1273
1274
1275
1276
1277
1278
1280
1281
1282
1283
1284
1287
1288
1291
1292
1293
1294
1296
1297
1298
1299
1300
1301
1302
1303
1305
1306
1307
1308
1309
1310
1311
1312
1313
1314
1316
1317
1318
1319
1321
1322
1323
1324
1326
1327
1329
1331
1334
1335
1337
1338
1339
1340
1341
1342
1343
1344
1345
1346
1347
1349
1352
1354
1355
1358
1361
1362
1365
1367
1368
1369
1370
1371
1372
1373
1375
1377
1379
1380
1381
1383
1386
1387
1388
1389
1390
1391
1393
1394
1396
1397
1398
1399
1401
1402
1404
1405
1406
1407
1408
1409
1410
1413
1414
1415
1419
1421
1422
1423
1424
1425
1428
1429
1430
1431
1432
1433
1434
1435
1436
1437
1440
1441
1442
1443
1444
1445
1448
1449
1450
1452
1453
1455
1456
1457
1459
1460
1461
1462
1463
1464
1465
1466
1469
1470
1471
1473
1474
1475
1476
1480
1481
1482
1483
1484
1485
1487
1488
1489
1490
1491
1492
1493
1494
1495
1496
1497
1499
1500
1501
1502
1503
1504
1506
1507
1508
1509
1511
1512
1513
1514
1515
1516
1517
1519
1521
1524
1525
1527
1528
1529
1532
1533
1534
1536
1538
1539
1540
1541
1543
1544
1546
1547
1549
1551
1552
1553
1554
1555
1556
1557
1560
1562
1563
1565
1566
1567
1568
1569
1571
1572
1573
1574
1575
1576
1580
1581
1582
1583
1585
1586
1587
1588
1589
1590
1591
1595
1599
1600
1601
1602
1603
1604
1605
1606
1607
1609
1610
1611
1612
1613
1614
1616
1617
1618
1619
1620
1623
1624
1626
1630
1632
1633
1634
1635
1638
1640
1643
1645
1647
1648
1649
1650
1651
1653
1655
1657
1658
1661
1663
1664
1665
1668
1669
1671
1675
1676
1677
1678
1679
1681
1683
1684
1685
1687
1689
1690
1693
1694
1695
1696
1697
1698
1700
1701
1702
1703
1704
1705
1707
1708
1710
1711
1712
1713
1714
1719
1720
1721
1722
1723
1724
1725
1726
1728
1730
1731
1732
1734
1735
1738
1740
1741
1742
1743
1745
1746
1747
1748
1749
1750
1751
1752
1754
1755
1756
1757
1758
1760
1761
1762
1763
1764
1766
1767
1768
1770
1771
1772
1773
1774
1775
1776
1778
1779
1780
1781
1782
1783
1786
1787
1788
1789
1790
1791
1792
1793
1794
1796
1798
1799
1800
1801
1802
1803
1804
1805
1806
1807
1808
1810
1811
1813
1814
1815
1818
1819
1820
1823
1824
1825
1826
1827
1828
1831
1834
1835
1836
1838
1839
1841
1842
1844
1845
1846
1849
1850
1851
1852
1853
1855
1857
1858
1859
1861
1862
1864
1866
1869
1870
1871
1872
1873
1831
1833
1834
1835
1836
1837
1838
1839
1841
1842
1845
1846
1847
1848
1849
1853
1855
1856
1859
1861
1862
1863
1871
1873
1874
1876
1877
1878
1879
1880
1881
1882
1884
1885
1886
1887
1888
1890
1891
1892
1897
1899
1900
1901
1902
1903
1905
1906
1907
1908
1910
1911
1912
1916
1918
1922
1924
1925
1926
1927
1929
1930
1931
1932
1933
1934
1935
1936
1937
1939
1940
1941
1944
1945
1947
1948
1950
1951
1952
1953
1954
1955
1956
1957
1958
1959
1960
1961
1963
1964
1966
1969
1970
1971
1972
1974
1975
1977
1978
1979
1980
1981
1982
1983
1984
1985
1986
1990
1991
1992
1993
1994
1995
1996
1999
2001
2002
2003
2004
2006
2007
2009
2010
2011
2012
2013
2014
2016
2017
2018
2019
2021
2023
2024
2025
2026
2027
2028
2029
2036
2039
2040
2041
2045
2048
2050
2051
2052
2053
2054
2056
2058
2059
2063
2065
2066
2067
2068
2070
2071
2072
2075
2076
2077
2079
2080
2082
2083
2084
2086
2087
2088
2091
2092
2095
2096
2097
2098
2100
2102
2103
2104
2107
2110
2111
2112
2117
2119
2120
2121
2122
2126
2127
2128
2129
2131
2133
2134
2135
2136
2138
2140
2143
2145
2146
2149
2150
2151
2152
2154
2155
2156
2158
2159
2161
2162
2163
2164
2165
2166
2167
2168
2171
2172
2173
2174
2175
2178
2179
2181
2183
2184
2185
2186
2187
2188
2190
2194
2199
2200
2201
2202
2205
2206
2207
2208
2209
2215
2216
2217
2219
2220
2222
2224
2225
2226
2227
2228
2229
2230
2232
2235
2237
2238
2239
2240
2241
2242
2243
2244
2245
2246
2247
2250
2255
2257
2258
2261
2262
2264
2268
2269
2271
2272
2277
2278
2279
2280
2281
2282
2284
2285
2286
2287
2294
2295
2296
2297
2298
2299
2300
2301
2302
2303
2304
2306
2308
2309
2310
2311
2312
2314
2319
2321
2323
2324
2327
2329
2337
2343
2345
2346
2350
2351
2352
2354
2355
2358
2360
2361
2362
2363
2365
2366
2369
2370
2371
2372
2373
2375
2376
2377
2378
2379
2381
2382
2383
2385
2386
2388
2391
2392
2397
2398
2399
2402
2403
2406
2408
2410
2412
2414
2415
2420
2421
2422
2424
2426
2430
2431
2433
2434
2435
2437
2442
2443
2444
2446
2448
2449
2450
2452
2453
2454
2455
2458
2464
2466
2470
2471
2473
2475
2477
2478
2479
2480
2482
2487
2489
2490
2491
2493
2494
2495
2499
2500
2502
2506
2507
2508
2509
2510
2511
2514
2515
2516
2517
2521
2522
2523
2526
2527
2528
2532
2535
2536
2538
2540
2543
2544
2545
2546
2550
2552
2553
2554
2556
2558
2559
2562
2564
2568
2570
2571
2572
2573
2575
2577
2578
2580
2582
2583
2584
2586
2588
2591
2592
2593
2596
2598
2599
2600
2601
2602
2604
2606
2608
2611
2613
2614
2615
2616
2617
2619
2621
2623
2625
2626
2627
2629
2632
2634
2635
2636
2637
2640
2642
2644
2648
2649
2650
2651
2652
2653
2655
2656
2658
2659
2660
2662
2664
2667
2671
2672
2673
2676
2677
2682
2683
2684
2689
2691
2696
2697
2698
2699
2701
2702
2708
2711
2712
2713
2714
2715
2716
2717
2719
2720
2721
2723
2725
2727
2728
2729
2730
2732
2734
2736
2740
2741
2742
2744
2747
2749
2750
2751
2753
2754
2755
2759
2760
2761
2762
2765
2766
2769
2770
2771
2774
2775
2779
2781
2782
2784
2788
2790
2791
2793
2794
2795
2796
2797
2799
2800
2801
2803
2804
2806
2807
2808
2809
2810
2811
2812
2815
2820
2822
2823
2824
2826
2828
2831
2832
2833
2835
2837
2839
2841
2844
2845
2846
2849
2850
2851
2852
2854
2857
2858
2859
2860
2861
2866
2867
2871
2873
2874
2876
2877
2879
2882
2884
2885
2886
2889
2890
2892
2893
2895
2897
2901
2902
2903
2904
2906
2907
2908
2910
2911
2914
2915
2916
2917
2918
2919
2920
2922
2923
2924
2926
2928
2929
2930
2933
2935
2936
2938
2940
2941
2942
2945
2947
2950
2953
2954
2955
2956
2959
2960
2961
2965
2966
2968
2974
2977
2978
2981
2985
2986
2988
2989
2993
2999
3002
3004
3006
3007
3009
3010
3013
3017
3019
3020
3021
3022
3024
3027
3028
3032
3033
3036
3037
3039
3040
3050
3051
3052
3053
3056
3060
3063
3064
3066
3068
3070
3072
3073
3075
3076
3077
3078
3080
3081
3082
3084
3085
3086
3090
3095
3096
3100
3101
3103
3104
3107
3109
3111
3113
3115
3116
3119
3121
3123
3124
3125
3127
3132
3134
3136
3137
3139
3140
3141
3142
3143
3144
3149
3152
3153
3154
3155
3156
3159
3160
3161
3164
3165
3166
3167
3168
3169
3170
3171
3172
3173
3175
3177
3178
3179
3181
3182
3183
3185
3186
3188
3194
3195
3196
3197
3199
3201
3208
3209
3210
3211
3212
3213
3214
3215
3216
3217
3219
3220
3221
3224
3225
3226
3229
3231
3232
3235
3237
3241
3244
3245
3247
3251
3253
3257
3258
3259
3264
3265
3266
3267
3270
3271
3274
3278
3279
3280
3282
3283
3289
3296
3298
3300
3302
3304
3309
3310
3315
3316
3319
3321
3322
3323
3324
3329
3330
3333
3336
3338
3340
3342
3343
3344
3345
3350
3352
3354
3356
3358
3361
3362
3365
3367
3369
3370
3372
3373
3374
3375
3376
3378
3380
3381
3385
3387
3388
3389
3395
3400
3401
3405
3407
3408
3410
3411
3412
3414
3417
3418
3420
3421
3422
3423
3424
3425
3427
3428
3430
3431
3432
3436
3438
3442
3444
3446
3447
3448
3453
3455
3458
3459
3461
3462
3463
3469
3470
3472
3475
3481
3482
3483
3489
3491
3492
3493
3496
3498
3502
3504
3505
3509
3511
3512
3513
3519
3520
3521
3522
3527
3529
3530
3535
3536
3538
3540
3541
3542
3546
3551
3555
3561
3562
3563
3565
3570
3572
3581
3582
3583
3584
3585
3586
3591
3593
3594
3596
3599
3600
3601
3604
3607
3610
3611
3613
3614
3616
3617
3620
3623
3624
3625
3629
3631
3632
3633
3636
3638
3639
3641
3643
3644
3647
3649
3652
3653
3655
3664
3667
3668
3672
3673
3675
3678
3679
3680
3681
3684
3685
3693
3704
3707
3711
3713
3718
3722
3725
3728
3729
3732
3733
3738
3740
3742
3743
3744
3746
3747
3749
3750
3752
3756
3757
3760
3761
3763
3765
3768
3772
3777
3780
3781
3783
3787
3790
3791
3793
3794
3795
3798
3800
3802
3803
3804
3806
3807
3809
3810
3811
3814
3815
3821
3825
3826
3827
3829
3832
3835
3838
3840
3842
3843
3844
3845
3846
3848
3849
3850
3853
3854
3855
3858
3861
3866
3867
3871
3874
3875
3878
3879
3881
3882
3883
3887
3888
3889
3894
3896
3897
3898
3899
3901
3907
3908
3910
3912
3914
3915
3916
3918
4048
4049
4050
4051
4053
4054
4057
4062
4063
4064
4065
4067
4068
4069
4073
4077
4078
4083
4084
4085
4086
4089
4093
4100
4103
4104
4105
4106
4107
4109
4111
4113
4114
4115
4116
4117
4119
4120
4122
4123
4124
4127
4128
4131
4132
4133
4134
4144
4145
4146
4147
4148
4152
4153
4156
4162
4164
4165
4166
4167
4168
4169
4170
4174
4175
4176
4177
4178
4180
4186
4190
4193
4194
4195
4197
4198
4200
4202
4205
4207
4208
4213
4226
4227
4228
4229
4230
4237
4239
4240
4241
4247
4249
4250
4251
4253
4257
4261
4269
4271
4272
4275
4276
4279
4281
4283
4287
4288
4291
4300
4302
4303
4306
4309
4313
4317
4321
4322
4323
4326
4330
4336
4340
4344
4346
4352
4355
4358
4361
4362
4363
4368
4373
4374
4380
4382
4386
4387
4388
4390
4393
4398
4399
4400
4402
4409
4411
4415
4417
4423
4428
4429
4430
4434
4437
4440
4442
4444
4445
4452
4453
4455
4457
4460
4462
4463
4473
4475
4477
4486
4489
4490
4491
4493
4494
4498
4499
4501
4505
4506
4507
4510
4513
4516
4517
4519
4520
4525
4529
4535
4537
4539
4542
4547
4548
4550
4552
4554
4558
4560
4562
4563
4564
4571
4573
4583
4584
4586
4587
4590
4592
4601
4602
4603
4605
4606
4609
4615
4616
4618
4619
4620
4631
4632
4633
4634
4638
4639
4640
4644
4645
4646
4647
4648
4650
4651
4656
4658
4660
4664
4666
4669
4671
4672
4674
4676
4677
4678
4682
4685
4697
4700
4701
4704
4705
4708
4709
4711
4712
4713
4719
4720
4739
4740
4741
4747
4748
4749
4751
4753
4754
4755
4756
4759
4761
4766
4768
4775
4780
4784
4786
4792
4793
4794
4796
4797
4801
4806
4809
4810
4811
4813
4814
4828
4846
4848
4849
4850
4852
4854
4861
4862
4863
4865
4868
4869
4874
4876
4877
4881
4888
4889
4897
4907
4909
4910
4911
4913
4920
4921
4923
4925
4927
4931
4933
4934
4936
4940
4941
4944
4950
4956
4958
4959
4964
4966
4969
4978
4983
4984
4989
4994
4995
4997
5001
5002
5003
5008
5011
5013
5014
5021
5023
5025
5027
5028
5041
5044
5045
5050
5051
5053
5057
5060
5063
5064
5065
5067
5068
5069
5070
5072
5073
5074
5077
5082
5086
5090
5098
5104
5105
5108
5112
5117
5118
5121
5122
5123
5124
5131
5133
5134
5138
5144
5146
5147
5149
5150
5176
5177
5178
5180
5184
5189
5190
5197
5199
5202
5217
5220
5221
5223
5227
5231
5236
5239
5241
5242
5247
5248
5252
5255
5257
5264
5267
5270
5271
5273
5278
5279
5282
5283
5284
5285
5287
5289
5290
5296
5310
5313
5316
5318
5319
5323
5328
5329
5341
5342
5345
5346
5347
5349
5351
5352
5353
5354
5355
5361
5364
5371
5376
5379
5380
5383
5385
5392
5395
5396
5406
5408
5410
5412
5415
5416
5420
5424
5425
5432
5436
5438
5440
5453
5454
5455
5460
5467
5473
5479
5480
5483
5486
5496
5500
5501
5504
5506
5507
5512
5517
5525
5539
5541
5543
5548
5549
5551
5553
5557
5568
5571
5576
5580
5581
5593
5594
5596
5599
5601
5602
5603
5608
5609
5612
5620
5621
5622
5630
5634
5640
5641
5644
5646
5651
5653
5656
5663
5665
5667
5669
5676
5678
5680
5682
5685
5686
5687
5697
5699
5708
5709
5714
5720
5722
5724
5738
5745
5749
5750
5752
5757
5758
5759
5760
5761
5763
5768
5772
5773
5775
5783
5784
5786
5790
5794
5798
5799
5801
5802
5805
5806
5809
5811
5818
5826
5832
5837
5844
5846
5850
5851
5859
5867
5892
5898
5903
5909
5919
5920
5922
5924
5927
5929
5932
5936
5945
5949
5956
5957
5966
5971
5974
5975
5986
5987
5988
5995
5998
6000
6002
6004
6005
6006
6007
6017
6022
6024
6027
6031
6033
6034
6037
6038
6042
6048
6055
6065
6072
6073
6074
6076
6078
6079
6097
6098
6103
6105
6106
6109
6111
6116
6120
6121
6122
6130
6132
6133
6134
6135
6136
6140
6169
6172
6176
6188
6191
6196
6200
6202
6210
6218
6225
6226
6230
6233
6234
6241
6248
6253
6258
6261
6283
6300
6306
6307
6308
6309
6310
6314
6317
6321
6323
6326
6327
6333
6334
6337
6342
6353
6360
6365
6366
6373
6377
6378
6387
6394
6395
6396
6399
6400
6407
6416
6420
6423
6427
6434
6437
6444
6448
6451
6453
6456
6457
6460
6461
6473
6485
6491
6496
6501
6513
6516
6518
6527
6537
6545
6546
6551
6552
6558
6559
6562
6569
6575
6583
6592
6596
6607
6612
6633
6634
6642
6652
6653
6657
6659
6664
6666
6701
6703
6704
6711
6714
6715
6728
6744
6746
6748
6750
6757
6760
6765
6766
6768
6777
6788
6797
6798
6800
6802
6803
6810
6811
6818
6819
6821
6826
6828
6831
6837
6839
6849
6850
6852
6857
6859
6869
6870
6879
6888
6891
6894
6900
6902
6905
6906
6914
6918
6924
6931
6934
6937
6945
6959
6960
6961
6962
6967
6973
6976
6977
6984
6985
6989
6995
6997
6998
7002
7004
7005
7007
7010
7016
7035
7040
7041
7044
7045
7046
7048
7052
7059
7080
7081
7091
7092
7093
7094
7095
7101
7113
7116
7117
7134
7135
7137
7139
7140
7144
7156
7158
7162
7165
7172
7178
7179
7181
7197
7201
7205
7212
7216
7225
7227
7231
7243
7260
7264
7270
7272
7280
7289
7293
7297
7322
7327
7335
7336
7337
7341
7363
7372
7378
7379
7395
7396
7397
7407
7410
7414
7422
7429
7430
7440
7455
7460
7461
7470
7475
7482
7494
7495
7499
7507
7510
7524
7530
7543
7544
7545
7547
7561
7565
7586
7601
7607
7616
7628
7630
7638
7640
7644
7659
7669
7670
7680
7684
7691
7695
7696
7698
7716
7726
7729
7738
7740
7741
7746
7758
7763
7774
7777
7778
7779
7785
7787
7789
7792
7793
7798
7801
7807
7810
7812
7814
7815
7820
7832
7835
7839
7844
7854
7876
7877
7880
7891
7909
7913
7917
7918
7922
7943
7944
7947
7948
7949
7951
7953
7960
7961
7970
7981
7987
7992
7995
7996
7997
8015
8022
8027
8029
8030
8038
8047
8050
8059
8061
8063
8076
8080
8081
8087
8103
8113
8115
8117
8127
8131
8140
8160
8163
8172
8187
8188
8197
8198
8201
8219
8226
8244
8245
8248
8256
8271
8274
8275
8276
8286
8310
8311
8331
8332
8340
8343
8358
8367
8370
8386
8387
8399
8401
8418
8421
8422
8265
8268
8271
8274
8276
8280
8295
8297
8299
8301
8307
8314
8316
8332
8342
8345
8353
8355
8357
8360
8366
8367
8368
8369
8381
8397
8411
8412
8416
8431
8433
8434
8444
8449
8453
8454
8508
8532
8537
8556
8557
8560
8565
8574
8579
8586
8587
8592
8593
8596
8600
8603
8608
8611
8634
8635
8640
8666
8671
8674
8694
8695
8700
8718
8749
8751
8793
8795
8806
8817
8820
8837
8842
8844
8845
8852
8853
8865
8880
8881
8888
8897
8925
8926
8938
8939
8940
8968
8971
8975
8984
8994
9002
9029
9032
9045
9050
9052
9091
9106
9123
9128
9130
9154
9168
9176
9177
9179
9193
9211
9220
9221
9222
9227
9240
9266
9269
9270
9289
9290
9292
9296
9321
9325
9327
9332
9396
9425
9426
9439
9449
9452
9455
9458
9460
9470
9498
9502
9536
9542
9547
9579
9582
9583
9587
9590
9595
9596
9607
9614
9620
9644
9650
9685
9686
9706
9711
9712
9725
9749
9754
9764
9765
9795
9828
9843
9857
9858
9935
9936
9942
9943
9952
9958
9969
9973
9974
9975
9976
9983
9994
10031
10036
10037
10070
10085
10094
10095
10096
10140
10157
10170
10171
10188
10200
10202
10233
10234
10252
10266
10272
10275
10285
10294
10295
10297
10298
10314
10324
10423
10445
10464
10465
10501
10511
10519
10522
10527
10539
10566
10569
10573
10580
10584
10606
10642
10678
10679
10690
10692
10693
10717
10720
10722
10723
10741
10744
10776
10777
10808
10869
10871
10876
10886
10899
10919
10970
10973
10978
10989
10995
11009
11032
11051
11079
11097
11162
11173
11187
11249
11284
11332
11338
11349
11396
11400
11401
11432
11435
11452
11465
11470
11473
11477
11479
11480
11559
11630
11680
11712
11727
11743
11747
11897
11970
11974
11975
11979
12037
12038
12066
12074
12075
12076
12078
12080
12088
12113
12151
12154
12157
12186
12210
12222
12249
12256
12275
12336
12445
12446
12482
12484
12521
12539
12549
12564
12565
12566
12652
12686
12693
12694
12716
12741
12768
12777
12824
12881
12910
12976
13001
13097
13098
13099
13107
13134
13159
13252
13268
13304
13312
13347
13350
13351
13445
13513
13580
13587
13633
13713
13722
13773
13790
13800
13820
13918
13961
14005
14022
14023
14046
14065
14066
14088
14246
14248
14333
14337
14372
14434
14500
14531
14548
14593
14597
14675
14699
14703
14728
14755
14812
14833
14913
14943
15100
15118
15120
15334
15378
15395
15517
15518
15562
15621
15672
15684
15703
15715
15878
15939
15940
15999
16038
16165
16219
16220
16320
16331
16393
16398
16460
16526
16735
16862
17140
17164
17190
17271
17298
17505
17570
17615
17837
17838
17936
17957
18025
18026
18054
18268
18347
18586
18680
18791
19181
19184
19247
19660
19668
19832
20118
20121
20405
20407
20911
20913
22298
23408
25124
25125
26085
29885
1
2
3
4
5
6
7
8
9
10
11
12
13
14
15
16
17
18
19
20
21
22
23
24
25
26
27
28
29
30
31
32
33
34
35
36
37
38
39
40
41
42
43
44
45
46
47
48
49
50
51
52
53
54
55
56
57
58
59
60
61
62
64
65
66
67
68
69
70
71
72
73
74
75
76
77
78
80
81
82
83
84
85
86
87
88
89
90
91
92
93
94
95
96
98
99
100
101
102
103
104
105
106
107
108
109
110
111
112
113
114
115
116
117
118
119
120
121
122
123
124
125
126
127
128
129
130
131
132
133
134
135
136
137
138
139
140
141
142
143
144
145
146
147
149
150
151
152
153
154
155
156
157
158
159
160
161
162
163
164
165
166
167
168
169
170
171
172
173
174
175
176
177
181
182
183
184
185
186
187
188
189
190
191
192
193
194
195
196
197
198
199
201
202
203
204
205
206
207
208
209
210
211
212
213
214
215
216
217
218
219
220
221
222
223
224
225
226
227
228
229
230
231
233
234
235
236
237
238
239
240
241
242
243
244
245
246
247
248
249
250
251
254
255
256
257
258
259
260
261
262
263
264
265
267
268
269
270
271
272
273
274
275
276
277
278
279
280
281
282
283
284
285
286
287
288
289
290
291
293
294
295
296
297
298
300
301
302
303
304
305
306
307
308
309
310
311
312
313
314
315
316
317
318
319
320
321
322
323
324
325
326
327
328
329
330
331
332
333
334
335
336
337
338
340
341
342
343
344
345
346
347
348
349
350
351
352
354
355
357
358
359
360
361
362
363
365
366
367
368
369
370
371
372
373
374
375
376
377
378
379
380
381
382
383
384
385
386
387
388
389
390
391
392
393
394
395
396
397
398
399
400
401
402
403
404
405
406
407
408
409
411
412
413
415
416
417
418
419
420
421
422
423
424
425
426
427
428
429
430
431
433
434
435
436
437
438
439
440
441
443
444
445
446
447
448
449
450
452
453
454
455
456
457
458
459
460
461
462
464
465
466
467
468
469
470
471
472
473
474
475
476
481
482
483
484
485
486
488
489
490
491
492
493
494
495
496
497
498
499
500
501
502
503
505
506
507
508
509
510
511
512
513
507
508
509
510
511
512
513
514
515
516
517
518
519
520
521
522
523
524
525
526
527
528
530
531
532
533
534
535
536
537
538
539
540
541
542
543
545
546
547
548
549
550
551
552
553
554
555
556
557
558
559
560
561
562
564
565
566
567
569
570
571
572
573
574
575
576
577
578
579
580
581
582
583
584
585
586
587
588
589
591
593
594
595
596
597
598
599
600
601
603
604
605
606
607
608
609
610
611
612
613
614
615
616
617
618
619
620
621
622
623
624
626
627
628
629
630
631
632
633
634
635
636
637
640
641
642
643
644
647
648
649
650
651
653
654
655
657
658
659
660
662
664
665
666
667
668
669
670
671
672
673
674
675
676
678
680
681
682
683
684
685
686
687
689
690
691
692
694
695
696
697
700
703
706
707
708
710
711
712
713
714
715
718
720
721
722
724
726
727
728
729
730
731
732
733
735
736
737
740
741
742
743
744
746
747
748
749
750
751
752
753
754
755
756
757
758
759
760
761
762
763
764
765
766
768
769
770
771
772
773
774
776
777
778
779
780
781
782
784
785
786
788
789
790
791
792
793
795
796
797
798
799
801
802
803
804
805
806
807
808
809
810
811
812
813
814
815
816
817
818
819
820
821
822
824
826
827
828
829
830
831
832
833
834
835
836
837
839
840
841
842
844
845
846
847
848
850
851
854
856
858
859
860
861
862
863
864
865
866
867
868
870
871
872
873
874
875
876
879
880
881
882
883
884
885
888
889
890
891
892
893
894
895
896
897
898
899
900
901
902
903
904
905
906
907
908
909
910
911
912
913
914
917
918
919
920
921
922
923
924
925
926
927
929
931
932
933
934
935
936
937
938
939
942
943
944
946
947
948
949
950
951
952
953
954
955
956
957
960
962
963
966
967
968
969
972
973
974
975
976
977
978
980
981
982
983
984
985
986
987
988
989
990
991
992
993
994
995
996
997
999
1000
1001
1004
1005
1006
1007
1008
1009
1010
1011
1012
1013
1015
1017
1019
1020
1021
1022
1023
1025
1026
1027
1030
1031
1032
1034
1035
1036
1037
1038
1039
1040
1041
1043
1044
1045
1046
1047
1048
1049
1050
1051
1053
1054
1055
1056
1057
1058
1060
1061
1062
1063
1064
1066
1067
1068
1070
1071
1072
1073
1074
1075
1076
1077
1078
1079
1080
1081
1084
1085
1086
1087
1090
1091
1092
1094
1095
1096
1097
1098
1100
1101
1102
1104
1108
1110
1113
1114
1115
1117
1118
1119
1120
1121
1122
1123
1124
1125
1126
1127
1128
1129
1130
1131
1132
1133
1135
1136
1138
1139
1140
1143
1144
1145
1146
1147
1148
1150
1152
1154
1155
1158
1159
1160
1161
1162
1163
1164
1166
1167
1168
1169
1170
1171
1172
1173
1174
1175
1176
1178
1179
1180
1181
1183
1189
1191
1193
1194
1200
1201
1202
1203
1204
1205
1206
1207
1208
1209
1210
1211
1212
1213
1214
1215
1217
1218
1219
1220
1221
1222
1223
1224
1225
1226
1227
1228
1229
1230
1231
1232
1233
1234
1236
1237
1238
1239
1240
1243
1244
1245
1246
1247
1248
1249
1250
1251
1252
1254
1255
1256
1257
1258
1259
1260
1263
1264
1267
1268
1269
1270
1271
1272
1273
1276
1277
1278
1279
1280
1281
1282
1283
1284
1287
1288
1289
1290
1291
1292
1293
1294
1297
1298
1299
1300
1301
1304
1305
1306
1307
1308
1309
1310
1311
1312
1313
1315
1316
1317
1318
1319
1320
1321
1322
1323
1324
1325
1326
1327
1328
1329
1330
1331
1332
1334
1335
1336
1337
1338
1339
1340
1342
1344
1347
1348
1351
1352
1353
1354
1356
1357
1361
1364
1365
1367
1368
1371
1372
1373
1374
1375
1376
1377
1379
1380
1381
1384
1385
1386
1389
1390
1393
1394
1395
1396
1397
1398
1399
1400
1401
1402
1405
1407
1408
1409
1411
1412
1413
1414
1415
1417
1418
1419
1420
1421
1424
1425
1426
1427
1428
1429
1430
1431
1432
1433
1434
1435
1436
1437
1438
1439
1440
1441
1443
1445
1449
1450
1451
1452
1454
1456
1457
1458
1459
1460
1461
1462
1463
1464
1465
1466
1467
1468
1470
1472
1475
1476
1477
1479
1480
1481
1482
1483
1490
1491
1492
1493
1494
1495
1497
1498
1500
1501
1502
1504
1505
1506
1507
1509
1510
1512
1513
1515
1516
1517
1518
1520
1521
1522
1524
1526
1527
1528
1529
1530
1531
1532
1533
1534
1536
1537
1538
1541
1542
1544
1546
1549
1550
1551
1552
1553
1554
1555
1556
1557
1558
1559
1560
1562
1564
1565
1568
1569
1570
1571
1573
1576
1577
1578
1580
1583
1585
1586
1587
1588
1589
1590
1592
1593
1595
1597
1601
1602
1603
1604
1605
1607
1608
1609
1610
1613
1614
1615
1618
1619
1620
1621
1622
1623
1624
1625
1626
1627
1628
1629
1630
1631
1632
1633
1634
1635
1636
1637
1638
1639
1640
1641
1642
1643
1647
1649
1650
1651
1652
1655
1656
1657
1659
1660
1662
1665
1667
1668
1669
1672
1673
1674
1676
1678
1679
1680
1681
1683
1685
1686
1688
1689
1692
1693
1695
1696
1697
1698
1703
1704
1706
1707
1708
1709
1714
1715
1717
1718
1724
1726
1727
1728
1729
1730
1731
1732
1733
1734
1735
1736
1737
1738
1739
1740
1741
1742
1743
1746
1747
1751
1753
1757
1758
1759
1760
1761
1762
1764
1766
1767
1771
1772
1774
1775
1776
1778
1779
1780
1783
1784
1785
1786
1788
1789
1790
1793
1794
1795
1796
1797
1800
1802
1807
1808
1809
1810
1813
1814
1815
1817
1818
1823
1824
1825
1826
1827
1828
1829
1830
1831
1832
1833
1834
1835
1837
1838
1839
1841
1843
1844
1845
1847
1848
1850
1852
1853
1855
1856
1859
1860
1861
1862
1863
1864
1865
1866
1868
1869
1870
1872
1874
1876
1877
1879
1883
1884
1885
1886
1889
1890
1891
1894
1896
1897
1898
1899
1900
1901
1902
1903
1905
1906
1910
1911
1913
1914
1915
1920
1921
1922
1924
1926
1927
1928
1933
1934
1936
1937
1938
1940
1942
1943
1944
1947
1950
1954
1955
1956
1957
1962
1964
1966
1967
1968
1969
1970
1971
1972
1973
1977
1980
1981
1983
1984
1985
1986
1989
1991
1993
1994
1995
1996
1998
1999
2000
2003
2005
2009
2010
2011
2015
2016
2017
2018
2019
2020
2021
2022
2023
2027
2028
2029
2033
2034
2035
2037
2038
2039
2041
2042
2043
2044
2045
2046
2047
2048
2050
2052
2054
2056
2057
2058
2061
2062
2063
2064
2065
2068
2069
2070
2073
2074
2075
2076
2077
2083
2084
2086
2087
2088
2089
2090
2091
2092
2094
2095
2097
2098
2099
2100
2101
2102
2105
2106
2107
2108
2110
2111
2113
2114
2115
2118
2119
2120
2124
2126
2127
2129
2131
2132
2133
2134
2137
2138
2140
2141
2142
2146
2147
2148
2150
2202
2203
2204
2205
2206
2207
2208
2212
2213
2216
2217
2221
2229
2231
2233
2234
2235
2236
2238
2239
2243
2244
2245
2246
2247
2249
2250
2251
2252
2253
2255
2256
2257
2262
2264
2265
2266
2267
2268
2269
2271
2273
2274
2275
2276
2277
2278
2279
2280
2281
2283
2284
2285
2287
2288
2290
2292
2293
2294
2295
2296
2299
2300
2302
2304
2306
2307
2308
2310
2311
2313
2314
2315
2318
2319
2320
2321
2322
2323
2324
2327
2328
2329
2330
2331
2338
2340
2341
2342
2344
2350
2352
2354
2355
2358
2359
2360
2361
2362
2363
2364
2365
2366
2367
2368
2370
2371
2372
2373
2374
2375
2377
2378
2379
2382
2383
2385
2386
2387
2388
2390
2391
2392
2399
2400
2401
2402
2403
2404
2405
2406
2407
2409
2410
2411
2415
2416
2417
2419
2420
2423
2424
2426
2427
2429
2430
2432
2433
2434
2435
2436
2438
2439
2440
2441
2445
2447
2448
2449
2455
2459
2461
2463
2468
2469
2470
2471
2474
2475
2476
2477
2478
2480
2482
2483
2484
2485
2486
2487
2490
2492
2493
2494
2495
2499
2501
2505
2506
2507
2508
2509
2510
2512
2513
2514
2515
2516
2517
2518
2519
2520
2521
2522
2523
2524
2525
2526
2527
2528
2530
2534
2535
2544
2545
2546
2547
2548
2549
2551
2554
2558
2560
2561
2563
2567
2568
2570
2571
2572
2577
2578
2582
2583
2584
2585
2590
2591
2592
2597
2600
2601
2602
2603
2604
2605
2607
2610
2612
2613
2614
2616
2617
2619
2620
2621
2622
2623
2625
2626
2629
2630
2633
2634
2635
2639
2640
2641
2648
2651
2653
2658
2663
2665
2666
2667
2668
2669
2670
2673
2675
2677
2678
2679
2680
2682
2684
2688
2690
2691
2697
2700
2701
2702
2703
2704
2705
2707
2708
2711
2712
2714
2715
2720
2721
2726
2729
2731
2734
2737
2738
2740
2741
2742
2746
2747
2749
2750
2753
2755
2756
2757
2760
2762
2763
2764
2767
2768
2770
2773
2774
2775
2776
2777
2778
2780
2782
2783
2787
2791
2793
2794
2795
2796
2797
2798
2799
2800
2801
2804
2807
2809
2810
2814
2815
2816
2817
2820
2822
2825
2826
2828
2829
2830
2832
2833
2835
2837
2842
2843
2845
2846
2847
2848
2864
2865
2870
2871
2878
2879
2882
2883
2884
2885
2889
2893
2894
2898
2899
2901
2902
2903
2908
2909
2910
2911
2915
2919
2920
2921
2922
2924
2927
2931
2934
2936
2937
2939
2941
2943
2944
2945
2946
2949
2951
2953
2955
2956
2957
2958
2959
2960
2961
2962
2965
2967
2968
2969
2970
2971
2972
2973
2975
2976
2981
2984
2985
2989
2990
2994
2995
2996
2997
2998
3001
3006
3007
3008
3011
3012
3015
3017
3022
3029
3030
3032
3035
3036
3040
3041
3044
3045
3046
3047
3049
3051
3052
3054
3055
3058
3060
3061
3062
3064
3065
3066
3069
3070
3071
3072
3075
3076
3078
3079
3081
3083
3084
3087
3092
3093
3094
3095
3098
3099
3100
3102
3103
3104
3105
3107
3109
3111
3112
3113
3118
3119
3120
3121
3123
3124
3125
3128
3133
3134
3136
3137
3139
3144
3147
3148
3150
3151
3156
3157
3159
3160
3161
3165
3166
3167
3168
3169
3172
3173
3174
3176
3180
3181
3182
3186
3188
3189
3190
3192
3196
3197
3199
3200
3201
3206
3207
3208
3212
3214
3215
3218
3219
3220
3222
3224
3225
3228
3229
3231
3233
3234
3235
3236
3242
3243
3245
3246
3248
3250
3251
3253
3254
3256
3257
3259
3262
3263
3264
3265
3267
3268
3270
3273
3277
3278
3281
3282
3283
3290
3291
3292
3295
3297
3301
3302
3304
3305
3308
3310
3313
3314
3316
3317
3319
3320
3321
3322
3324
3325
3327
3328
3330
3331
3332
3333
3334
3335
3337
3338
3339
3340
3342
3348
3350
3351
3353
3354
3355
3356
3357
3358
3359
3360
3361
3364
3367
3368
3372
3381
3382
3385
3386
3387
3388
3389
3394
3395
3402
3404
3405
3406
3407
3409
3411
3412
3419
3420
3421
3424
3428
3430
3432
3435
3437
3440
3442
3443
3445
3446
3447
3448
3451
3452
3455
3457
3458
3467
3471
3472
3474
3475
3477
3479
3480
3481
3482
3483
3485
3486
3489
3490
3491
3492
3493
3496
3497
3502
3503
3505
3507
3508
3510
3511
3516
3517
3521
3522
3523
3526
3527
3528
3531
3532
3533
3535
3537
3538
3544
3546
3548
3550
3553
3554
3558
3561
3562
3566
3570
3571
3572
3577
3579
3580
3583
3586
3587
3588
3591
3593
3595
3596
3597
3601
3602
3603
3605
3608
3612
3617
3621
3622
3623
3624
3625
3630
3631
3632
3633
3635
3636
3637
3639
3641
3642
3650
3653
3659
3660
3661
3663
3665
3667
3674
3675
3676
3678
3680
3682
3684
3690
3692
3699
3701
3702
3704
3710
3711
3713
3714
3719
3721
3723
3724
3728
3732
3740
3742
3744
3745
3747
3748
3753
3756
3761
3762
3763
3764
3768
3776
3777
3778
3779
3781
3783
3784
3785
3787
3788
3790
3791
3798
3800
3804
3807
3808
3814
3816
3820
3823
3829
3830
3831
3832
3833
3836
3837
3838
3846
3850
3853
3854
3855
3857
3859
3862
3866
3868
3872
3873
3874
3878
3881
3882
3883
3888
3892
3900
3902
3904
3905
3906
3907
3913
3917
3919
3920
3921
3924
3935
3936
3939
3943
3947
3953
3955
3959
3961
3962
3965
3966
3969
3974
3976
3977
3978
3986
3990
3993
3994
3995
3996
3997
3998
3999
4001
4005
4006
4009
4012
4014
4017
4019
4023
4024
4025
4028
4029
4031
4032
4036
4037
4041
4045
4049
4050
4053
4054
4056
4058
4059
4061
4062
4069
4072
4076
4077
4081
4082
4085
4086
4087
4088
4094
4096
4097
4098
4103
4104
4106
4108
4109
4113
4114
4116
4119
4121
4125
4127
4128
4130
4132
4133
4134
4136
4140
4141
4142
4143
4144
4145
4146
4147
4150
4151
4152
4153
4160
4164
4166
4167
4168
4169
4170
4177
4179
4181
4182
4185
4187
4188
4191
4192
4193
4194
4196
4199
4204
4205
4212
4214
4223
4224
4225
4227
4230
4232
4233
4241
4242
4244
4245
4247
4248
4250
4251
4252
4254
4255
4257
4258
4259
4264
4266
4269
4270
4272
4276
4277
4278
4280
4281
4282
4289
4290
4293
4294
4295
4299
4311
4313
4319
4324
4325
4326
4327
4328
4330
4334
4338
4340
4341
4342
4345
4350
4354
4360
4364
4366
4368
4369
4373
4377
4379
4380
4381
4383
4386
4387
4389
4392
4398
4399
4400
4408
4410
4411
4415
4416
4417
4420
4421
4423
4424
4425
4427
4428
4435
4436
4437
4438
4439
4440
4442
4443
4447
4449
4459
4460
4463
4466
4473
4478
4479
4484
4486
4492
4495
4498
4499
4500
4509
4514
4521
4526
4528
4529
4530
4532
4534
4540
4548
4553
4555
4560
4566
4567
4570
4578
4579
4584
4585
4588
4603
4606
4743
4745
4746
4747
4750
4751
4755
4756
4762
4763
4771
4773
4775
4782
4783
4789
4790
4793
4797
4798
4801
4802
4803
4804
4806
4807
4808
4809
4810
4811
4815
4821
4822
4823
4827
4831
4834
4835
4837
4838
4843
4845
4846
4853
4854
4856
4866
4873
4875
4877
4881
4885
4886
4895
4904
4905
4911
4919
4923
4928
4930
4931
4935
4936
4942
4943
4945
4946
4950
4951
4952
4954
4956
4959
4961
4968
4973
4974
4975
4982
4983
4986
4987
4988
4990
4992
4994
4996
4997
4999
5000
5001
5008
5009
5012
5013
5015
5016
5017
5018
5028
5030
5031
5032
5035
5037
5041
5045
5047
5051
5054
5058
5064
5065
5072
5076
5078
5080
5087
5089
5094
5103
5104
5105
5110
5116
5122
5131
5134
5135
5136
5138
5139
5140
5143
5144
5148
5168
5170
5172
5173
5175
5176
5177
5179
5184
5185
5191
5195
5196
5201
5203
5205
5207
5210
5216
5224
5227
5230
5231
5238
5242
5243
5245
5253
5255
5261
5262
5266
5274
5281
5282
5283
5285
5292
5294
5295
5296
5300
5302
5306
5308
5309
5310
5313
5314
5317
5319
5324
5325
5328
5337
5338
5340
5341
5342
5343
5347
5351
5355
5356
5357
5362
5368
5369
5370
5372
5373
5374
5383
5385
5387
5395
5404
5417
5426
5435
5436
5437
5439
5440
5443
5444
5445
5452
5462
5465
5466
5476
5478
5484
5489
5491
5496
5498
5502
5504
5505
5507
5509
5511
5513
5516
5517
5522
5524
5531
5538
5541
5549
5550
5551
5552
5553
5561
5565
5566
5568
5581
5606
5615
5617
5618
5632
5636
5637
5639
5640
5643
5646
5650
5651
5652
5659
5661
5665
5668
5675
5679
5683
5689
5691
5694
5695
5698
5699
5700
5703
5706
5714
5716
5727
5731
5732
5734
5736
5741
5742
5745
5753
5756
5768
5772
5775
5779
5783
5795
5796
5799
5803
5805
5806
5819
5820
5828
5840
5842
5851
5857
5859
5865
5873
5874
5892
5893
5898
5899
5901
5904
5912
5917
5927
5931
5949
5950
5951
5968
5979
5997
5998
6006
6008
6019
6022
6023
6024
6035
6036
6037
6045
6047
6048
6049
6053
6058
6062
6067
6068
6071
6072
6075
6076
6077
6083
6084
6092
6093
6094
6097
6098
6107
6108
6111
6115
6117
6125
6129
6133
6135
6139
6140
6142
6149
6156
6157
6159
6168
6176
6180
6182
6188
6189
6192
6193
6194
6202
6204
6205
6209
6218
6219
6221
6226
6230
6232
6233
6236
6238
6244
6245
6254
6257
6261
6277
6279
6281
6282
6285
6286
6289
6296
6297
6302
6313
6320
6321
6324
6333
6337
6338
6339
6340
6352
6358
6361
6363
6375
6395
6396
6412
6414
6416
6417
6441
6442
6443
6455
6456
6471
6481
6483
6485
6500
6505
6514
6516
6517
6523
6525
6529
6533
6538
6543
6545
6547
6550
6555
6569
6570
6574
6579
6581
6600
6617
6624
6625
6640
6642
6643
6645
6650
6653
6654
6672
6676
6677
6680
6681
6682
6683
6686
6693
6702
6711
6721
6722
6724
6725
6731
6741
6755
6759
6760
6763
6764
6767
6776
6781
6782
6783
6784
6790
6801
6802
6818
6822
6823
6831
6832
6834
6840
6845
6849
6851
6853
6872
6873
6876
6877
6887
6889
6896
6898
6902
6916
6925
6928
6931
6932
6938
6943
6947
6955
6958
6960
6961
6965
6969
6970
6971
6972
6975
6979
6984
6985
6987
6988
6992
7004
7007
7011
7012
7039
7044
7049
7059
7060
7061
7069
7070
7071
7072
7075
7076
7081
7086
7091
7096
7098
7100
7103
7113
7114
7131
7135
7136
7138
7142
7152
7156
7167
7174
7175
7178
7180
7187
7191
7192
7196
7199
7220
7243
7244
7249
7257
7263
7267
7270
7287
7292
7302
7319
7337
7341
7347
7348
7349
7353
7363
7366
7370
7395
7399
7400
7404
7415
7420
7426
7443
7446
7455
7464
7468
7477
7486
7487
7488
7501
7502
7505
7506
7508
7510
7517
7524
7526
7528
7538
7539
7545
7549
7550
7561
7562
7563
7568
7572
7580
7593
7600
7610
7611
7616
7624
7627
7628
7629
7640
7644
7648
7655
7680
7689
7691
7702
7703
7708
7710
7715
7718
7723
7727
7732
7738
7739
7748
7761
7769
7774
7776
7794
7808
7812
7813
7817
7823
7825
7828
7833
7834
7841
7850
7880
7884
7888
7895
7899
7907
7908
7909
7911
7912
7921
7926
7928
7933
7938
7949
7955
7967
7981
8013
8022
8046
8047
8048
8052
8056
8061
8062
8070
8078
8087
8091
8099
8101
8107
8112
8113
8115
8117
8120
8128
8136
8177
8179
8180
8190
8202
8203
8212
8216
8217
8242
8245
8249
8262
8264
8273
8277
8280
8284
8290
8295
8296
8309
8311
8328
8329
8337
8339
8347
8348
8349
8350
8366
8368
8380
8383
8388
8396
8404
8405
8411
8414
8432
8440
8453
8455
8465
8478
8489
8492
8494
8498
8507
8509
8513
8514
8530
8559
8564
8565
8573
8576
8577
8582
8605
8609
8610
8611
8613
8615
8617
8633
8660
8661
8662
8675
8685
8692
8705
8743
8747
8749
8759
8764
8777
8798
8801
8802
8803
8806
8820
8821
8829
8847
8859
8867
8880
8882
8884
8888
8894
8899
8901
8906
8914
8920
8922
8924
8937
8942
8964
8966
8971
8972
8990
9033
9045
9049
9055
9060
9061
9068
9069
9070
9073
9074
9090
9093
9109
9113
9114
9123
9124
9126
9142
9145
9146
9164
9167
9173
9175
9192
9193
9201
9206
9215
9226
9242
9255
9256
9282
9305
9310
9322
9328
9334
9344
9364
9383
9392
9394
9395
9406
9407
9415
9435
9436
9440
9453
9464
9474
9482
9490
9493
9515
9517
9528
9536
9558
9569
9571
9581
9582
9583
9600
9623
9630
9638
9640
9641
9664
9679
9682
9693
9705
9715
9730
9745
9799
9802
9812
9813
9819
9821
9825
9826
9847
9849
9851
9885
9886
9910
9934
9935
9960
9961
9963
9974
9992
9997
9999
10001
10003
10010
10019
10020
10023
10039
10044
10054
10057
10060
10061
10074
10106
10113
10118
10124
10135
10144
10159
10210
10213
10221
10262
10282
10285
10287
10325
10354
10371
10372
10395
10398
10426
10450
10451
10452
10471
10488
10501
10502
10519
10531
10537
10538
10586
10597
10601
10603
10610
10615
10625
10641
10650
10653
10657
10658
10659
10682
10687
10713
11098
11103
11111
11161
11201
11203
11216
11217
11218
11238
11249
11250
11278
11285
11308
11322
11406
11410
11411
11414
11427
11443
11448
11467
11489
11506
11507
11523
11525
11548
11557
11558
11567
11577
11583
11587
11614
11646
11659
11666
11670
11705
11708
11709
11737
11759
11760
11764
11774
11792
11799
11807
11808
11828
11859
11868
11869
11900
11912
11917
11979
11985
12028
12038
12073
12093
12098
12110
12114
12116
12153
12219
12230
12259
12347
12352
12366
12368
12380
12407
12412
12444
12445
12448
12455
12519
12522
12572
12672
12679
12696
12701
12705
12706
12714
12730
12746
12747
12752
12779
12796
12817
12831
12839
12851
12856
12859
12877
12888
12943
12957
12984
13013
13023
13034
13047
13090
13115
13122
13137
13154
13198
13230
13293
13297
13320
13344
13373
13380
13390
13407
13467
13493
13495
13498
13542
13555
13569
13576
13604
13605
13642
13753
13843
13846
13884
13894
13925
13926
13944
13965
13969
14018
14031
14060
14088
14096
14139
14187
14201
14228
14240
14291
14307
14311
14313
14350
14379
14424
14425
14440
14514
14530
14575
14662
14678
14751
14894
14922
14989
15066
15083
15084
15168
15175
15209
15246
15315
15317
15331
15436
15444
15518
15589
15631
15748
15761
15802
15843
15956
15998
16009
16122
16123
16132
16149
16271
16281
16424
16425
16466
16513
16619
16620
16762
16810
16825
16908
16934
16936
16939
16952
16956
17063
17073
17161
17213
17420
17504
18075
18102
18301
18312
18384
18386
18646
18778
18806
18826
18941
18970
18986
19375
19406
19550
19777
19951
20201
20561
20594
21681
22383
22397
22491
22497
22994
23073
23474
23803
23804
23820
25590
26052
27148
93960
96816
96817
