997
1
2
3
4
5
6
7
8
9
10
11
12
13
14
15
16
17
18
19
20
21
22
23
24
25
26
27
28
29
30
31
32
33
34
35
36
37
38
39
41
42
43
44
45
47
48
49
50
51
52
53
54
55
57
58
59
60
61
62
63
65
66
67
69
70
72
73
74
75
76
77
78
79
80
81
82
83
84
86
87
88
89
92
93
94
95
96
98
99
100
101
102
103
104
105
106
107
108
109
110
111
112
113
114
115
116
117
118
119
120
121
122
123
124
125
126
127
128
129
130
131
133
135
137
138
139
140
141
143
144
145
146
147
148
150
151
152
153
154
155
156
157
158
159
160
161
162
163
164
166
168
169
170
172
173
174
175
176
177
178
179
181
184
185
186
187
188
189
190
191
192
193
194
195
196
197
198
199
201
202
205
206
207
209
210
211
213
214
215
216
218
219
220
221
222
223
224
225
226
227
228
229
230
231
232
233
234
235
236
237
238
239
240
241
242
243
244
245
247
248
249
251
252
254
255
256
257
259
260
261
262
263
264
265
266
267
268
269
270
271
272
274
275
276
277
278
279
280
281
282
283
284
285
286
287
288
289
290
291
292
293
294
296
297
298
299
300
301
302
303
304
305
306
307
308
310
312
313
315
316
317
318
321
322
323
324
325
326
327
329
330
331
332
333
334
335
336
337
338
339
340
342
343
345
346
347
348
349
350
351
352
353
354
355
357
358
361
362
363
364
366
368
369
370
371
372
373
374
375
377
378
379
380
381
384
385
386
388
389
390
391
392
393
394
395
396
397
399
400
402
405
406
408
409
411
413
414
418
419
420
421
422
423
424
426
427
429
430
432
433
434
436
437
439
440
442
443
444
445
446
448
450
453
454
455
456
457
458
460
462
463
464
465
467
468
470
471
472
473
474
475
476
478
479
481
482
483
485
487
488
489
491
492
493
496
497
498
499
500
502
503
504
506
507
508
509
511
512
513
514
515
517
518
520
522
523
525
527
529
530
532
533
534
536
537
538
539
540
541
543
544
545
546
547
548
549
550
551
552
554
555
558
559
561
563
565
567
568
570
571
573
575
576
577
578
579
580
581
583
584
587
588
590
592
593
594
595
597
598
599
600
602
603
605
606
607
608
609
610
612
613
616
617
618
621
624
625
627
628
629
630
631
634
635
637
639
640
642
643
644
645
646
647
648
649
651
652
654
657
659
661
662
664
665
666
669
672
673
674
675
677
678
681
683
685
687
688
690
691
692
693
694
697
699
701
702
704
707
708
709
710
711
712
714
716
717
718
721
724
725
727
730
732
733
734
737
738
741
742
744
745
746
747
748
751
752
753
755
757
758
759
761
762
764
765
768
769
771
772
774
775
776
778
780
781
782
784
786
787
788
789
792
793
794
795
796
798
799
802
803
804
805
807
809
810
811
813
814
815
818
819
820
823
825
826
828
830
831
832
833
834
836
837
839
840
841
843
845
846
847
848
849
850
851
852
854
855
856
858
860
861
862
863
866
869
870
871
872
873
874
875
876
878
879
880
881
882
883
887
888
891
895
896
897
899
900
901
903
905
907
909
910
912
913
915
917
918
922
923
924
925
927
929
932
933
934
935
936
937
938
939
941
942
945
946
947
949
952
953
954
957
959
961
963
965
967
970
972
973
974
975
977
979
981
983
985
986
988
989
992
993
995
997
999
1000
1002
1003
1007
1009
1010
1011
1014
1016
1017
1018
1019
1020
1022
1024
1026
1028
1030
1031
1032
1035
1036
1038
1041
1043
1045
1046
1048
1050
1051
1054
1057
1058
1062
1064
1065
1066
1067
1068
1070
1071
1072
1074
1075
1077
1080
1081
1082
1085
1086
1087
1089
1091
1092
1093
1094
1095
1096
1098
1099
1101
1102
1103
1105
1107
1108
1109
1111
1114
1116
1118
1119
1121
1125
1126
1127
1130
1131
1132
1134
1137
1138
1139
1143
1144
1145
1147
1148
1152
1154
1156
1159
1160
1162
1164
1165
1166
1167
1170
1172
1174
1177
1179
1180
1182
1184
1186
1187
1188
1190
1191
1192
1196
1197
1199
1203
1204
1205
1207
1210
1213
1214
1216
1218
1222
1223
1224
1225
1230
1232
1234
1235
1237
1240
1243
1244
1246
1247
1251
1253
1255
1257
1258
1260
1261
1264
1265
1267
1270
1272
1274
1275
1279
1282
1283
1284
1286
1289
1292
1295
1296
1299
1300
1303
1304
1306
1307
1308
1309
1312
1313
1315
1318
1319
1320
1323
1324
1326
1327
1328
1330
1332
1334
1335
1337
1342
1345
1348
1349
1351
1355
1357
1358
1360
1361
1362
1365
1366
1368
1369
1374
1378
1379
1380
1382
1385
1386
1388
1390
1393
1396
1397
1399
1400
1401
1402
1404
1407
1408
1410
1412
1414
1415
1417
1422
1424
1425
1426
1428
1430
1433
1435
1437
1438
1439
1440
1443
1445
1447
1449
1451
1454
1455
1459
1461
1463
1467
1469
1470
1471
1474
1475
1477
1
2
3
4
5
6
7
8
9
10
11
12
13
14
15
16
17
18
19
20
21
22
23
24
25
26
27
28
29
30
31
32
33
34
35
36
37
38
39
40
41
42
43
44
45
46
47
48
49
50
51
52
53
54
55
56
57
58
59
60
61
62
63
64
65
66
68
69
70
71
72
73
74
75
76
77
78
79
80
81
82
84
85
86
87
88
89
90
91
92
93
94
95
96
97
98
99
100
101
102
103
104
105
107
108
109
110
111
112
113
114
115
116
117
118
119
120
121
122
123
124
125
126
127
128
129
130
131
132
133
134
137
138
139
141
142
143
144
145
147
148
149
150
151
152
153
155
156
157
159
161
163
164
165
166
167
168
169
171
172
173
174
176
177
178
180
181
183
184
185
186
187
189
192
193
194
195
196
197
198
199
200
201
202
205
207
208
210
212
213
214
215
216
222
223
225
226
228
229
230
232
233
234
235
237
238
239
241
242
243
244
245
247
248
249
250
251
252
254
257
258
259
260
262
264
265
266
267
268
269
270
271
272
277
278
279
280
283
284
286
287
288
289
290
291
292
293
294
295
296
297
300
301
302
303
304
305
306
307
308
310
312
313
316
317
318
319
320
321
326
327
328
331
332
333
334
338
339
340
341
343
344
345
346
347
349
350
351
356
357
358
359
360
361
362
364
365
366
367
370
373
374
375
376
379
380
381
382
383
384
387
388
392
394
395
396
399
400
404
405
406
407
408
409
412
414
415
416
417
418
419
420
421
422
423
424
425
426
428
429
431
432
433
435
437
438
439
440
441
442
444
445
446
447
448
449
450
453
454
455
456
457
458
460
461
463
464
468
469
474
476
479
485
486
488
491
494
496
500
501
502
503
504
505
510
511
516
517
518
519
521
524
526
527
528
529
530
531
534
535
538
539
542
543
544
545
551
552
553
556
557
559
560
564
567
568
570
573
575
577
578
581
582
583
590
591
593
594
595
596
599
600
601
602
603
604
605
608
612
613
614
615
616
619
620
621
622
623
625
626
631
634
635
636
637
647
648
649
650
651
655
657
661
662
666
667
671
673
676
677
678
679
680
683
686
689
691
692
693
694
695
696
697
698
702
703
706
709
710
714
716
717
720
721
724
726
727
730
731
735
736
737
738
740
742
744
746
748
752
758
759
762
763
764
776
778
779
783
785
791
796
797
803
804
806
811
814
816
818
821
826
827
831
832
833
834
837
838
840
842
844
856
857
858
867
868
870
873
880
881
883
886
891
893
894
901
904
908
912
929
931
936
939
940
947
955
965
969
980
981
985
986
989
990
995
999
1006
1012
1025
1026
1027
1030
1036
1037
1048
1050
1051
1057
1059
1062
1063
1064
1066
1072
1073
1077
1082
1085
1091
1093
1095
1100
1103
1104
1105
1106
1107
1108
1117
1118
1120
1121
1126
1128
1129
1132
1137
1138
1141
1144
1147
1150
1151
1152
1153
1159
1161
1162
1163
1164
1167
1168
1170
1176
1179
1188
1191
1213
1218
1220
1221
1222
1223
1225
1229
1230
1234
1235
1236
1239
1243
1244
1246
1255
1268
1271
1273
1280
1284
1285
1286
1289
1298
1312
1313
1318
1347
1350
1354
1358
1359
1372
1373
1376
1377
1390
1393
1404
1426
1428
1433
1434
1435
1436
1442
1444
1445
1446
1447
1457
1462
1464
1475
1480
1482
1492
1500
1501
1502
1504
1509
1518
1523
1528
1532
1543
1544
1545
1558
1575
1577
1595
1596
1601
1609
1616
1617
1619
1622
1623
1625
1628
1629
1630
1639
1640
1641
1652
1679
1685
1689
1690
1693
1699
1701
1702
1705
1711
1717
1729
1744
1745
1767
1771
1775
1776
1781
1794
1802
1810
1817
1818
1819
1821
1830
1842
1843
1847
1849
1855
1873
1874
1875
1876
1880
1887
1905
1914
1921
1934
1938
1939
1946
1973
1985
1988
2006
2025
2034
2040
2047
2048
2059
2064
2065
2077
2082
2109
2129
2132
2133
2135
2140
2166
2168
2169
2170
2174
2178
2180
2181
2183
2189
2214
2215
2229
2263
2264
2272
2273
2275
2276
2286
2293
2294
2321
2323
2365
2366
2367
2378
2379
2401
2404
2414
2416
2423
2425
2436
2439
2440
2448
2481
2483
2484
2527
2573
2586
2598
2614
2616
2625
2626
2638
2639
2640
2642
2651
2699
2703
2768
2822
2831
2832
2845
2847
2889
2916
2918
2966
2967
2969
2976
2977
3044
3046
3101
3109
3138
3146
3147
3148
3218
3219
3266
3337
3371
3372
3409
3410
3411
3419
3426
3490
3501
3505
3518
3522
3653
3712
3734
3765
3766
3881
3882
3962
3963
3979
3980
4003
4008
4009
4030
4031
4032
4105
4177
4178
4297
4303
4460
4462
4468
4473
4492
4537
4540
4554
4560
4609
4622
4629
4632
4635
4716
4719
4760
4803
4807
4810
4816
4819
4854
5017
5074
5180
5204
5236
5237
5243
5286
5325
5425
5448
5450
5457
5479
5480
5502
5555
5683
5702
5703
5797
5798
5805
5829
5917
5982
5995
5998
6010
6076
6145
6205
6213
6311
6368
6370
6436
6463
6572
6576
6695
6732
6799
6811
6850
6856
6888
6898
6962
7058
7098
7219
7249
7297
7298
7299
7300
7355
7360
7526
7611
7708
7839
8046
1
2
3
4
5
6
7
8
9
10
11
12
13
14
15
16
17
18
19
20
21
22
23
24
25
26
27
28
29
30
31
32
33
34
35
36
37
38
39
40
41
42
43
44
45
46
47
48
49
50
51
52
53
54
55
56
57
58
59
60
61
62
63
64
65
66
70
71
72
73
74
75
76
77
78
79
80
81
82
83
84
86
87
88
89
90
91
92
93
94
95
96
97
98
99
100
101
102
103
104
105
106
107
109
110
111
112
113
114
115
116
117
118
119
120
121
122
123
124
125
126
127
128
129
130
131
132
133
134
135
136
137
138
139
141
142
143
144
145
147
148
149
150
151
152
153
155
156
157
159
161
163
164
165
166
167
168
169
171
172
173
174
176
177
178
180
181
183
184
185
186
187
189
191
192
193
194
195
196
197
198
199
200
201
204
207
208
209
211
212
213
214
215
217
218
221
222
224
225
226
230
231
232
233
235
236
237
240
241
242
243
244
245
246
247
248
249
250
251
253
254
255
256
258
260
261
262
263
264
265
266
267
268
270
271
272
273
276
277
279
280
281
282
283
284
285
286
287
288
289
290
293
294
295
296
297
298
299
300
301
303
305
306
309
310
311
313
314
315
317
318
319
322
323
324
325
327
328
329
330
332
333
334
335
336
337
338
339
343
344
345
346
347
348
349
353
354
355
356
357
359
360
361
362
366
367
368
369
370
371
373
374
376
378
379
380
382
383
384
385
386
387
388
389
391
393
394
395
396
397
398
399
401
402
406
407
408
409
411
412
414
415
416
418
420
421
422
423
424
425
430
431
434
435
436
437
438
442
443
444
445
446
447
449
450
453
454
460
462
464
466
468
471
472
474
475
476
483
484
485
486
487
488
489
490
491
492
493
494
495
497
500
504
505
506
507
508
509
511
514
515
516
518
519
521
522
525
526
527
529
530
532
533
534
535
539
543
545
547
549
550
552
553
554
556
557
559
560
561
562
566
567
568
569
570
571
573
575
578
579
580
559
560
561
564
565
566
567
570
571
572
573
575
577
581
582
583
584
586
589
592
594
596
597
598
601
605
606
607
609
610
611
612
613
614
616
617
619
620
621
624
626
627
628
629
631
635
636
637
640
644
647
650
653
654
655
657
660
661
662
666
667
668
669
671
672
673
675
676
677
678
681
684
686
688
691
692
693
694
697
698
700
701
702
703
705
709
711
722
723
727
729
731
732
733
735
736
737
738
740
741
745
748
749
751
753
755
757
759
760
761
762
768
771
772
774
777
778
780
784
786
787
791
794
797
798
800
801
802
804
806
812
813
815
819
822
823
824
825
826
828
829
834
835
837
838
841
842
843
844
846
847
848
849
850
851
852
854
856
859
860
867
871
872
873
876
877
878
879
880
881
883
885
886
887
891
893
894
895
900
901
903
904
905
908
910
911
912
913
914
915
917
920
923
927
929
931
936
945
947
949
950
951
952
953
955
962
963
968
969
972
973
974
975
977
978
980
981
988
991
992
999
1005
1010
1012
1017
1019
1021
1024
1026
1027
1032
1035
1040
1042
1044
1045
1046
1047
1048
1049
1053
1055
1059
1065
1068
1072
1073
1074
1076
1078
1081
1085
1089
1092
1093
1094
1100
1101
1105
1116
1125
1126
1130
1132
1134
1138
1141
1147
1149
1150
1153
1155
1158
1159
1164
1167
1168
1169
1172
1178
1180
1181
1182
1184
1186
1189
1191
1192
1196
1202
1204
1207
1209
1210
1213
1221
1222
1224
1228
1231
1234
1235
1237
1242
1243
1244
1247
1250
1251
1253
1255
1257
1260
1265
1269
1273
1276
1278
1280
1283
1285
1291
1292
1295
1298
1299
1302
1303
1305
1307
1309
1312
1319
1328
1345
1354
1357
1359
1360
1362
1365
1369
1385
1386
1394
1396
1399
1400
1407
1423
1427
1428
1429
1430
1432
1440
1454
1455
1456
1459
1462
1471
1474
1477
1480
1495
1510
1521
1524
1532
1535
1537
1539
1542
1543
1547
1548
1553
1554
1556
1561
1569
1572
1578
1588
1591
1607
1609
1616
1620
1622
1627
1629
1630
1633
1635
1637
1654
1657
1660
1662
1665
1672
1677
1682
1683
1684
1688
1689
1707
1713
1714
1731
1736
1740
1744
1745
1768
1770
1771
1781
1782
1783
1784
1786
1806
1807
1808
1813
1815
1838
1841
1845
1857
1867
1870
1873
1883
1906
1912
1917
1918
1925
1930
1932
1934
1935
1938
1941
1945
1951
1953
1972
1974
1981
1987
1989
1995
2007
2029
2030
2038
2059
2061
2076
2083
2085
2086
2096
2109
2131
2132
2136
2143
2187
2195
2196
2202
2209
2212
2222
2237
2243
2248
2259
2266
2294
2301
2304
2306
2308
2310
2314
2326
2329
2359
2362
2363
2393
2394
2406
2412
2431
2448
2456
2459
2474
2483
2491
2498
2504
2515
2519
2528
2541
2572
2575
2578
2588
2589
2607
2625
2645
2651
2673
2680
2682
2718
2737
2762
2792
2815
2834
2838
2850
2864
2942
2949
2954
2966
2978
2996
3106
3107
3117
3122
3124
3173
3217
3231
3267
3365
3366
3384
3399
3407
1
2
3
4
5
6
7
8
9
10
11
12
13
14
15
16
17
18
19
20
21
22
23
24
25
26
27
28
29
30
31
32
33
34
35
36
37
38
39
40
41
42
43
44
45
46
47
48
49
50
51
52
53
54
55
56
57
58
59
60
61
62
63
64
65
66
67
68
69
70
71
72
73
74
76
77
78
79
80
81
82
83
85
86
87
89
90
91
92
93
94
95
96
97
98
99
100
101
102
103
105
108
110
111
112
113
114
116
117
118
119
120
121
122
123
124
125
126
127
128
129
130
131
132
133
134
135
136
137
138
139
141
142
144
145
146
147
149
150
151
152
153
154
155
156
157
158
159
160
161
163
165
166
167
168
169
170
171
172
173
174
175
176
177
178
179
180
181
182
183
184
185
186
187
188
190
193
194
195
196
197
198
199
200
201
202
203
204
205
206
207
208
209
210
211
212
213
214
215
216
217
218
220
221
224
226
228
229
230
231
232
233
235
236
237
238
239
241
242
243
245
246
247
248
249
250
251
252
253
254
256
257
259
260
261
262
263
264
265
266
267
268
269
270
271
272
274
275
276
277
278
279
280
281
282
283
284
285
286
287
288
290
291
292
293
294
295
296
297
298
299
300
301
302
303
304
306
307
308
309
310
311
312
314
315
316
317
318
319
321
322
323
325
330
331
332
333
334
335
337
338
339
341
342
343
344
345
346
347
348
351
352
353
354
355
356
359
361
362
364
366
367
368
369
370
371
374
375
376
377
380
382
383
384
385
386
387
388
390
392
393
394
395
396
398
399
400
401
402
404
408
409
410
411
416
417
418
419
420
422
423
424
425
428
429
430
431
433
434
436
438
441
442
444
446
447
448
449
450
451
452
454
456
457
460
461
463
464
465
467
468
469
471
472
473
474
475
476
478
479
481
484
486
489
491
492
493
500
501
502
509
510
511
513
516
517
518
519
521
524
525
526
530
531
532
535
536
537
538
541
542
549
550
551
552
553
554
555
558
559
560
561
562
563
569
570
571
572
574
575
576
577
582
583
585
586
587
588
591
594
598
601
607
608
610
611
614
615
616
620
622
623
624
625
626
627
628
630
631
632
636
638
639
640
641
644
647
648
649
650
652
653
657
659
662
663
664
666
667
668
671
672
673
674
676
677
678
682
683
684
685
687
691
693
694
695
696
697
698
700
701
703
704
705
706
709
711
712
716
717
719
721
722
723
724
729
730
731
732
735
736
738
741
742
748
750
752
754
756
758
759
760
761
763
764
767
770
771
775
783
784
785
794
797
799
800
804
806
807
809
811
815
817
818
820
821
826
827
828
829
832
833
840
841
843
844
848
849
850
852
853
855
857
858
859
860
861
863
864
866
867
869
870
871
872
876
877
878
883
885
886
888
894
895
896
897
900
901
902
904
905
908
909
910
914
915
916
918
921
922
923
928
930
933
934
936
938
946
948
950
952
953
954
955
956
958
963
965
967
968
970
971
972
977
978
979
986
988
994
999
1000
1009
1011
1018
1025
1029
1032
1034
1036
1037
1038
1042
1051
1057
1059
1062
1063
1078
1079
1080
1085
1095
1097
1103
1112
1116
1118
1119
1120
1125
1128
1135
1138
1142
1147
1148
1149
1150
1154
1160
1162
1167
1168
1170
1173
1180
1183
1186
1197
1201
1203
1205
1207
1210
1211
1215
1217
1218
1219
1220
1223
1225
1226
1227
1231
1234
1235
1238
1239
1244
1245
1247
1249
1251
1253
1256
1257
1258
1260
1262
1268
1269
1290
1298
1299
1300
1303
1305
1310
1312
1318
1320
1333
1334
1341
1346
1347
1353
1359
1360
1361
1362
1367
1368
1370
1372
1373
1374
1375
1380
1385
1388
1393
1409
1414
1416
1426
1431
1437
1438
1441
1449
1452
1457
1459
1468
1470
1480
1482
1485
1488
1490
1492
1496
1502
1511
1513
1515
1516
1517
1527
1530
1543
1545
1547
1551
1558
1560
1564
1567
1573
1574
1575
1580
1582
1583
1584
1585
1589
1598
1606
1609
1615
1624
1633
1638
1645
1651
1654
1655
1658
1663
1672
1676
1680
1685
1694
1702
1706
1724
1736
1749
1760
1765
1775
1787
1789
1796
1805
1806
1808
1811
1823
1826
1832
1840
1853
1855
1864
1868
1873
1874
1875
1878
1879
1883
1884
1885
1886
1888
1891
1902
1917
1918
1921
1927
1932
1935
1937
1945
1947
1953
1955
1964
1966
1969
1977
2006
2007
2066
2077
2080
2083
2092
2104
2105
2111
2118
2121
2127
2128
2133
2141
2147
2150
2152
2165
2217
2218
2229
2233
2252
2253
2256
2260
2287
2290
2305
2307
2322
2326
2332
2359
2372
2385
2391
2400
2405
2410
2413
2422
2429
2438
2448
2449
2462
2464
2497
2508
2510
2513
2522
2540
2544
2593
2617
2633
2667
2707
2723
2724
2731
2778
2800
2807
2809
2810
2824
2827
2836
2837
2877
2900
2913
2928
2942
2957
2961
3025
3030
3056
3058
3061
3062
3063
3084
3094
3111
3117
3126
3135
3149
3177
3186
3187
3233
3240
3241
3271
3275
3328
3333
3351
3352
3406
3450
3451
