997
1
2
3
4
5
6
7
8
9
10
11
12
13
14
15
16
17
18
19
20
21
22
23
24
25
26
27
28
29
30
31
32
33
34
35
36
37
38
39
40
41
42
43
44
45
46
47
48
49
50
51
52
53
54
55
56
57
58
59
60
61
62
64
65
66
68
69
70
71
72
73
74
75
76
77
78
79
80
81
82
83
84
85
86
87
89
90
91
92
93
94
95
96
97
98
99
100
101
102
103
104
105
106
107
108
109
110
111
112
113
115
116
117
118
119
120
121
122
123
124
125
126
127
128
129
130
131
132
133
134
135
136
137
138
139
140
141
143
144
145
146
147
148
149
150
151
152
153
154
155
156
157
158
159
160
161
162
163
164
166
167
168
169
170
171
172
173
174
176
177
180
182
183
184
185
186
185
186
187
189
191
192
193
194
195
196
197
198
199
200
201
202
203
204
206
207
208
209
210
211
212
213
214
215
217
218
219
220
221
222
223
224
225
226
227
228
229
230
231
232
233
234
235
236
237
238
239
240
241
242
243
244
245
246
247
248
249
250
251
252
253
254
255
256
257
259
260
261
262
263
264
265
266
267
268
269
270
271
272
273
274
275
277
278
279
280
281
282
283
284
285
286
287
288
289
290
291
292
293
294
295
296
298
299
300
301
302
304
305
306
307
308
309
310
311
312
313
314
315
316
317
319
320
322
323
324
326
327
328
329
330
331
332
335
336
337
338
340
342
344
345
346
347
348
349
350
351
352
353
354
355
357
358
359
360
361
362
363
364
365
368
369
370
371
372
374
375
376
377
378
379
380
381
382
383
385
386
387
388
390
391
392
394
395
397
398
399
401
402
403
404
407
408
409
410
411
412
413
414
415
416
417
418
419
420
422
423
424
426
427
428
429
430
431
432
433
434
435
436
437
438
439
440
441
443
444
445
446
447
448
450
451
452
453
454
455
456
457
459
460
461
462
463
464
465
466
467
468
470
472
473
474
475
476
477
478
479
481
482
484
485
487
488
489
490
491
492
494
497
498
499
500
503
504
505
506
508
510
511
512
513
515
516
517
518
519
520
521
522
523
524
525
526
527
528
529
531
532
533
534
535
536
537
538
539
540
541
542
543
544
545
546
547
548
550
551
552
553
554
555
557
558
559
560
562
563
564
566
567
568
569
571
572
573
574
576
577
578
579
580
581
583
584
586
587
588
589
590
591
592
593
595
598
599
600
601
603
605
606
607
608
609
610
613
615
616
617
618
619
620
621
623
624
625
626
627
628
629
630
631
632
633
634
635
636
639
640
641
642
644
646
647
648
649
650
651
652
653
654
656
657
658
659
660
662
664
665
666
667
668
669
670
671
672
673
674
675
676
678
679
681
682
684
685
686
687
688
689
690
692
693
695
697
699
700
702
703
704
706
707
709
710
712
713
715
717
718
719
720
721
724
725
727
728
729
730
732
733
735
736
738
739
740
741
742
743
745
749
750
751
752
753
754
756
758
760
761
762
763
764
765
769
770
771
772
773
776
777
779
780
781
782
784
785
786
787
788
789
790
791
792
793
794
796
797
798
799
800
801
802
803
804
805
807
810
812
813
814
816
817
819
820
821
822
824
826
827
829
830
832
834
835
836
837
839
840
841
843
844
845
846
848
850
851
852
854
855
856
857
859
860
861
862
863
864
865
867
868
869
870
871
872
873
874
875
876
877
878
879
880
882
883
884
885
886
887
889
891
892
895
896
898
901
904
905
906
907
908
909
910
911
912
914
915
916
917
918
919
920
922
923
924
925
927
928
930
931
932
933
935
936
938
941
942
943
944
946
947
948
950
954
955
956
958
960
961
962
963
965
967
968
969
970
971
972
973
975
976
978
979
980
981
983
985
986
988
989
990
993
994
996
1000
1002
1003
1004
1005
1007
1008
1009
1011
1012
1013
1015
1016
1018
1019
1020
1021
1022
1023
1024
1026
1028
1029
1030
1031
1033
1034
1037
1039
1040
1041
1042
1043
1045
1046
1047
1048
1051
1052
1054
1055
1058
1060
1062
1063
1064
1065
1068
1070
1071
1072
1074
1077
1078
1079
1080
1081
1083
1084
1085
1086
1089
1091
1092
1093
1094
1095
1096
1097
1098
1099
1101
1102
1104
1105
1106
1107
1108
1109
1110
1111
1112
1113
1114
1116
1117
1118
1120
1121
1122
1124
1125
1126
1128
1131
1132
1136
1137
1139
1140
1141
1142
1146
1148
1149
1150
1152
1153
1154
1155
1156
1157
1158
1160
1162
1163
1164
1166
1168
1169
1171
1172
1173
1174
1176
1178
1180
1181
1182
1183
1184
1185
1186
1187
1188
1189
1191
1192
1194
1197
1198
1200
1201
1202
1203
1204
1206
1208
1209
1212
1213
1214
1215
1216
1218
1220
1221
1222
1224
1225
1226
1228
1229
1230
1231
1232
1
2
3
4
5
6
7
8
9
10
11
12
13
14
15
16
17
18
19
20
21
22
23
24
25
26
27
28
29
30
31
32
33
34
35
36
37
38
39
40
41
42
43
44
45
46
47
48
49
50
51
52
53
54
55
56
57
58
60
61
62
63
64
65
66
67
68
69
70
71
72
73
74
75
76
77
78
79
80
81
82
83
84
85
86
87
88
89
90
91
92
93
94
95
96
97
99
100
101
102
103
104
105
106
107
108
109
110
111
112
113
116
117
118
119
120
121
122
123
124
125
126
128
129
130
131
132
133
134
135
136
138
139
140
141
142
143
144
145
146
147
150
151
152
153
154
155
156
157
158
159
161
162
163
164
165
166
167
168
169
170
171
172
173
174
175
176
177
179
180
181
182
183
184
185
186
187
188
189
191
193
194
195
196
197
198
199
200
201
202
203
204
205
206
208
209
210
211
212
213
214
215
216
217
219
220
221
222
223
224
225
226
227
228
229
230
231
232
233
234
235
236
237
238
239
240
241
242
243
244
245
246
247
248
249
250
251
252
253
254
255
256
257
258
259
261
262
263
264
265
266
267
268
269
270
271
272
273
274
275
276
277
279
280
281
282
283
284
285
286
287
288
289
290
291
292
293
294
295
296
297
298
300
302
303
304
305
308
309
310
311
312
313
314
315
316
317
318
319
320
321
323
324
326
327
328
332
333
334
335
336
337
338
342
343
344
345
347
349
351
352
353
354
355
356
357
358
359
360
361
362
364
365
366
367
368
369
370
371
372
377
378
379
380
381
383
384
385
386
387
388
389
390
391
392
394
395
396
397
399
400
401
403
404
406
407
408
411
412
413
414
419
420
421
422
423
424
425
426
427
428
429
430
431
432
435
436
437
439
440
441
442
443
444
445
446
447
448
449
450
451
452
453
454
457
458
459
460
461
462
464
465
466
467
468
469
470
471
473
474
475
476
477
478
480
481
482
483
485
488
489
490
491
492
493
494
495
499
500
502
503
505
506
507
508
509
510
513
516
517
518
519
523
524
525
526
529
531
532
533
534
536
537
538
539
540
541
542
543
544
545
546
547
548
549
550
552
553
554
555
556
557
558
559
560
561
562
563
564
565
566
567
568
569
571
572
573
574
575
576
578
579
580
581
583
584
585
587
588
589
590
592
593
594
595
597
598
599
600
601
602
605
606
610
611
612
613
614
616
617
618
620
624
625
626
627
629
631
632
633
634
635
636
642
644
645
646
647
648
649
650
653
654
655
656
657
658
659
660
661
662
663
664
665
666
669
670
671
672
674
676
677
678
679
680
681
682
684
685
687
688
689
690
691
693
698
699
700
701
702
703
704
705
706
707
708
709
710
712
713
715
716
718
719
720
721
722
723
724
728
730
732
735
738
741
743
744
745
747
748
750
751
753
754
756
758
759
760
761
762
766
767
769
770
771
772
776
777
779
780
783
784
785
787
788
789
791
799
801
802
803
804
805
809
771
773
774
776
777
778
779
781
782
783
784
785
786
787
789
790
791
792
793
794
795
796
797
798
803
804
805
806
807
808
812
813
816
817
818
819
820
821
826
831
832
833
834
835
836
837
838
841
842
843
844
845
846
847
849
850
851
852
854
855
856
857
858
859
863
864
865
866
867
868
870
871
873
874
875
879
881
883
886
887
888
890
891
892
893
894
895
896
899
900
901
902
903
905
907
908
909
910
911
915
916
917
918
919
920
923
924
925
926
927
929
930
931
932
935
939
940
941
942
943
944
945
951
952
954
955
956
958
959
960
962
964
965
966
967
970
971
973
976
977
978
980
981
982
983
984
987
988
990
992
996
997
998
999
1004
1005
1006
1007
1012
1013
1021
1025
1026
1027
1028
1031
1033
1036
1038
1039
1042
1043
1046
1047
1048
1050
1057
1058
1060
1063
1064
1071
1073
1083
1086
1087
1088
1089
1092
1093
1094
1095
1096
1097
1110
1111
1112
1113
1122
1123
1125
1126
1133
1136
1138
1139
1140
1141
1142
1143
1144
1145
1146
1147
1149
1150
1151
1152
1153
1154
1155
1156
1162
1163
1165
1170
1171
1175
1177
1179
1180
1182
1183
1184
1190
1191
1192
1204
1206
1208
1209
1210
1211
1216
1218
1220
1222
1224
1225
1226
1228
1234
1235
1237
1238
1239
1240
1241
1243
1245
1246
1247
1248
1253
1254
1257
1258
1259
1261
1263
1271
1272
1273
1275
1276
1277
1281
1282
1283
1285
1286
1288
1289
1290
1291
1292
1293
1294
1295
1296
1297
1298
1301
1302
1303
1304
1317
1321
1322
1323
1327
1332
1333
1335
1337
1338
1339
1344
1345
1352
1353
1355
1356
1357
1359
1361
1368
1371
1372
1375
1377
1378
1379
1383
1384
1386
1388
1391
1394
1396
1404
1406
1407
1408
1409
1414
1417
1423
1425
1426
1427
1428
1430
1
2
3
4
5
6
7
8
9
10
11
12
13
14
15
16
17
18
19
20
21
22
23
24
25
26
27
28
29
30
31
32
33
34
35
36
37
38
39
40
41
42
43
44
45
46
47
48
49
50
51
52
53
54
57
58
59
60
61
62
63
64
65
66
67
68
69
70
71
72
73
74
75
76
77
78
79
80
81
82
83
84
85
86
87
88
89
90
91
92
93
94
95
96
97
98
100
101
102
103
104
105
106
107
108
110
111
112
113
114
115
116
117
118
119
120
121
122
123
124
125
126
127
128
129
130
131
132
133
134
135
136
137
138
139
140
141
142
143
144
145
146
147
148
149
150
151
152
153
154
155
156
157
158
160
161
163
164
165
166
167
168
169
170
171
172
173
174
175
176
177
178
179
180
181
182
183
184
185
186
187
188
189
190
191
192
193
194
195
196
197
198
199
201
202
203
204
205
206
207
208
209
210
212
214
215
216
217
218
219
220
221
222
223
224
225
226
227
228
229
231
232
233
234
235
236
237
239
240
241
242
243
244
246
247
248
249
250
251
252
253
254
255
256
257
258
259
260
261
262
263
264
265
266
267
268
269
270
271
272
273
274
275
276
277
278
279
280
281
282
283
284
285
286
287
289
291
293
295
296
297
298
299
300
302
303
304
306
307
308
309
310
311
312
314
315
316
317
318
319
320
321
322
324
325
326
327
328
330
331
332
333
334
336
337
338
339
340
341
342
343
344
345
347
348
349
350
352
353
354
359
360
361
362
363
365
366
367
368
369
371
373
375
378
380
381
382
383
384
385
386
387
388
389
391
392
393
394
395
396
397
398
399
400
401
402
403
404
405
407
408
409
410
411
412
413
414
415
416
417
419
420
421
422
424
425
426
427
428
429
430
431
432
433
434
437
438
439
442
443
444
445
446
447
449
450
451
452
453
454
456
457
458
459
460
461
462
465
466
467
469
470
471
472
473
474
475
476
477
478
480
481
482
483
484
485
486
489
490
491
492
493
494
495
496
497
498
499
500
503
504
505
507
508
509
510
511
512
513
514
516
517
518
519
522
523
524
525
526
527
528
529
531
532
534
535
536
538
539
540
541
542
544
545
546
547
548
550
551
552
553
554
555
556
557
558
559
560
561
563
564
565
567
569
571
572
573
576
577
578
579
580
581
582
584
585
586
588
589
590
592
593
594
595
596
597
598
600
601
602
603
604
605
606
607
608
609
611
612
613
614
615
616
617
618
619
621
622
623
625
626
628
631
632
633
634
635
636
637
638
639
640
643
644
646
647
648
649
650
651
653
655
656
657
659
662
663
664
665
666
667
668
669
670
671
672
673
674
675
676
677
678
679
680
681
682
684
685
686
687
688
689
691
693
694
695
697
698
700
702
703
704
707
708
709
712
713
715
716
717
718
719
721
723
724
725
726
729
730
731
732
733
734
736
737
738
739
740
741
742
744
745
746
747
748
749
751
752
753
754
758
760
761
762
763
765
766
768
769
770
771
772
773
774
775
776
777
778
780
781
782
783
784
785
786
788
789
790
792
793
794
795
796
797
801
802
807
808
809
810
811
812
814
816
817
818
820
821
822
823
824
827
828
829
830
831
832
833
835
836
837
838
840
841
842
843
844
845
847
848
849
850
852
853
854
855
856
857
858
859
862
864
866
867
868
871
874
875
876
877
878
879
882
883
884
885
886
888
889
890
891
892
893
897
898
899
900
901
902
904
905
906
907
908
910
911
912
913
914
916
917
918
919
920
921
922
924
925
927
928
929
931
932
933
938
940
941
944
945
948
949
950
953
954
955
957
958
959
960
961
963
964
966
969
971
972
973
974
975
976
977
978
980
983
985
987
988
990
991
993
996
998
1000
1001
1002
1003
1005
1006
1007
1012
1014
1015
1018
1021
1022
1026
1027
1029
1031
1032
1033
1034
1035
1038
1039
1041
1042
1043
1047
1048
1049
1050
1052
1053
1058
1059
1062
1064
1067
1068
1069
1070
1071
1072
1074
1075
1076
1077
1079
1080
1081
1082
1083
1085
1086
1087
1089
1091
1093
1095
1096
1099
1101
1104
1105
1110
1111
1112
1114
1115
1116
1119
1122
1124
1127
1128
1129
1132
1133
1135
1137
1139
1140
1141
1142
1146
1147
1148
1152
1153
1154
1155
1158
1161
1162
1163
1164
1168
1170
1173
1175
1176
1178
1181
1183
1184
1185
1187
1188
1189
1192
1194
1195
1197
1200
1202
1205
1206
1207
1208
1209
1210
1211
1212
1213
1214
1217
1218
1219
1221
1224
1226
1227
1228
1232
1239
1240
1244
1247
1248
1249
1255
1256
1258
1259
1261
1262
1263
1265
1268
1270
1273
1274
1278
1279
1280
1281
1284
1285
1290
1291
1298
1300
1302
1305
1309
1310
1311
1312
1314
1318
1319
1321
1322
1323
1324
1328
1
2
3
4
5
6
7
8
9
10
11
12
13
14
15
16
17
18
19
20
21
22
23
24
25
26
27
28
29
30
31
32
33
34
35
37
39
40
41
42
43
44
45
46
47
48
49
50
51
52
55
56
57
58
59
60
61
62
63
64
65
67
68
69
70
71
72
73
74
75
76
77
78
79
80
81
82
83
84
85
86
87
90
91
92
93
94
95
96
97
98
99
100
101
102
103
104
105
106
107
109
110
111
112
113
114
115
116
117
120
121
122
123
124
125
126
127
128
129
130
131
132
134
135
136
137
138
139
140
141
142
143
144
145
146
147
148
149
150
151
152
153
154
155
156
157
159
160
161
162
163
164
165
166
167
168
169
170
171
172
173
174
175
176
177
178
179
180
181
182
183
185
186
187
188
190
191
192
193
194
195
197
198
199
200
201
202
203
204
205
206
207
208
209
210
211
212
213
214
215
216
217
218
219
220
222
223
224
225
226
227
228
229
230
231
233
234
235
236
237
238
239
240
241
242
243
244
245
246
247
248
249
250
251
252
253
254
255
256
258
260
261
262
263
264
265
266
267
268
269
270
271
274
275
276
277
278
279
280
281
282
284
286
287
288
289
291
292
294
295
296
297
298
299
301
302
303
304
305
306
307
309
310
311
313
314
315
317
319
320
321
322
324
325
326
327
328
329
330
331
332
333
334
335
336
337
338
339
340
341
342
343
345
346
347
349
350
351
352
353
354
355
356
357
358
359
361
362
364
365
366
367
368
369
370
371
372
373
376
378
379
380
382
383
384
385
386
387
388
389
390
391
392
393
394
396
397
398
399
401
402
404
405
406
407
408
409
410
411
412
413
415
416
417
418
419
420
421
422
423
424
425
426
428
432
434
435
436
437
438
439
440
441
442
443
444
445
446
447
448
449
450
452
453
454
455
456
457
460
461
462
463
464
465
466
467
468
469
470
471
472
474
475
476
477
478
479
480
481
482
483
484
485
486
487
488
490
491
492
493
494
495
498
499
500
501
502
504
505
506
508
509
510
512
513
515
516
517
520
521
522
523
524
525
526
527
528
529
530
531
532
533
534
535
537
539
540
541
542
544
545
547
548
549
550
551
552
553
554
555
556
557
558
559
560
561
562
563
565
566
567
568
569
571
572
573
574
575
576
578
583
584
585
586
587
588
592
594
596
597
598
601
602
603
604
605
606
608
609
610
611
612
613
614
617
620
623
624
625
628
629
632
633
634
635
636
637
638
639
640
641
643
646
649
650
651
652
653
654
656
657
658
659
660
664
665
666
667
668
669
671
674
675
676
677
678
679
683
684
685
686
687
688
689
691
692
695
696
698
701
704
706
707
711
712
713
714
715
716
717
718
719
723
725
726
727
728
729
730
731
732
733
735
736
739
741
742
747
748
749
751
752
754
755
756
757
758
759
760
761
763
764
767
769
770
771
776
778
779
780
781
785
788
789
792
797
798
799
801
802
807
811
812
815
816
817
818
819
821
822
823
826
827
830
831
836
837
839
841
844
846
848
849
852
853
854
856
859
860
861
862
864
865
866
867
868
870
871
872
873
875
876
877
878
879
883
885
887
888
889
890
891
892
893
894
897
898
899
900
902
903
904
905
907
909
911
912
913
914
915
916
917
918
919
920
921
924
925
926
927
928
929
930
932
933
934
935
938
939
940
941
942
944
945
949
950
951
953
954
955
959
960
961
965
966
969
970
975
976
977
978
979
980
983
984
985
986
987
988
990
991
996
997
998
1001
1002
1003
1004
1005
1006
1007
1008
1010
1011
1012
1013
1014
1017
1018
1019
1020
1021
1022
1023
1024
1026
1027
1028
1029
1031
1032
1036
1037
1038
1042
1043
1046
1049
1051
1055
1056
1058
1059
1060
1061
1063
1069
1073
1077
1078
1079
1080
1081
1082
1083
1085
1086
1088
1090
1096
1097
1098
1099
1100
1105
1107
1109
1110
1111
1112
1113
1115
1117
1118
1119
1120
1121
1122
1123
1124
1125
1126
1131
1132
1133
1135
1138
1140
1142
1143
1144
1145
1146
1147
1148
1149
1150
1152
1153
1155
1159
1165
1166
1167
1168
1170
1173
1175
1176
1178
1181
1182
1184
1186
1187
1189
1190
1193
1196
1197
1198
1199
1200
1201
1202
1204
1205
1208
1209
1210
1211
1212
1215
1216
1217
1218
1219
1220
1221
1222
1224
1225
1227
1229
1230
1235
1236
1238
1240
1241
1242
1243
1248
1249
1250
1251
1255
1256
1258
1259
1261
1262
1263
1267
1269
1270
1271
1274
1276
1277
1278
1279
1280
1282
1285
1286
1287
1288
1289
1291
1292
1293
1294
1295
1296
1297
1298
1301
1302
1304
1305
1306
1307
1308
1311
1313
1317
1318
1320
1321
1325
1326
1327
1330
1332
1333
1334
1335
1337
1339
1341
1342
1345
1349
1350
1351
1352
1353
1356
1357
1358
1359
1360
1363
1365
1367
1369
