1
2
3
4
5
6
7
8
9
10
11
12
13
15
16
17
18
19
20
21
22
23
24
25
27
28
29
30
31
32
33
34
35
36
37
38
39
40
41
42
43
44
45
46
47
48
49
50
51
52
53
54
55
56
57
58
59
60
62
63
64
65
66
67
68
69
70
71
72
73
74
75
76
77
78
79
80
81
82
83
84
85
86
87
88
89
90
91
92
93
94
95
96
97
98
99
100
101
102
103
104
105
106
107
108
109
110
111
112
113
116
117
118
120
121
122
123
124
125
126
127
128
129
130
132
133
134
135
136
137
138
139
140
141
142
143
144
145
146
148
149
150
151
152
153
154
155
156
157
158
159
160
162
163
164
165
166
167
168
169
170
171
173
174
175
176
177
178
179
180
182
183
184
185
186
187
188
190
192
194
195
196
197
198
200
201
202
203
204
205
206
207
208
209
210
211
212
213
215
216
217
219
220
222
223
224
225
226
227
228
229
230
231
232
233
235
236
237
238
239
240
242
243
244
245
247
249
250
251
252
253
254
256
257
258
259
260
261
262
263
264
265
267
268
270
271
272
273
274
275
278
280
281
283
284
285
286
287
289
291
292
293
294
295
296
297
299
300
301
302
303
304
305
307
308
309
310
312
313
315
317
318
319
320
321
322
323
326
329
331
332
333
334
335
336
337
339
341
344
345
346
348
349
350
351
352
353
354
355
356
357
358
359
360
361
363
364
365
368
369
372
374
376
377
378
379
380
381
382
383
385
386
387
391
392
393
395
396
397
400
401
403
405
406
407
408
410
411
413
414
415
416
417
418
419
420
421
422
423
424
428
429
431
432
433
436
437
438
439
440
442
443
445
446
447
448
449
450
452
453
454
455
456
457
458
460
461
462
467
469
470
472
473
474
476
477
478
479
480
481
482
483
484
485
486
488
489
491
492
494
495
496
497
500
501
502
503
505
506
507
508
509
511
512
513
514
516
517
519
520
521
523
525
526
527
528
529
531
532
533
535
536
537
538
539
540
541
543
544
546
547
548
549
550
551
553
554
555
556
558
560
561
562
564
566
567
568
569
570
573
574
576
578
580
581
582
583
584
586
587
588
589
590
591
592
593
594
595
597
599
600
601
602
603
604
605
606
609
611
612
614
615
616
617
618
619
621
622
623
625
626
627
628
629
630
632
633
634
635
636
638
639
642
644
645
646
647
648
649
650
651
653
655
656
658
659
660
661
662
663
667
669
670
673
674
676
679
681
682
683
684
685
686
687
688
689
690
693
694
695
696
698
699
700
701
702
704
705
706
707
709
710
713
714
715
718
719
721
723
724
726
727
728
729
730
731
733
735
736
739
740
742
743
744
745
747
749
751
753
755
756
757
760
762
764
767
769
771
772
773
774
775
777
778
781
783
785
787
789
790
791
793
794
796
797
798
800
802
805
807
810
811
813
815
816
818
821
824
826
827
828
830
831
832
834
835
836
839
840
841
842
843
844
845
846
847
849
850
851
852
853
855
857
858
859
860
861
863
864
865
867
868
870
872
874
875
877
878
879
881
882
884
885
886
888
889
890
892
893
895
897
899
900
902
904
905
908
909
911
912
913
914
915
916
918
919
921
923
924
925
928
929
930
931
933
935
936
938
939
940
942
946
948
950
951
952
953
955
958
959
961
962
963
965
967
970
971
973
975
976
977
979
980
982
983
985
986
987
989
991
992
995
998
1000
1002
1003
1004
1006
1008
1011
1013
1016
1019
1020
1023
1026
1029
1030
1031
1032
1033
1036
1038
1040
1042
1045
1047
1048
1049
1051
1054
1055
1057
1058
1059
1061
1062
1063
1065
1068
1069
1070
1072
1076
1078
1081
1083
1084
1085
1087
1088
1089
1090
1091
1092
1093
1094
1095
1096
1098
1099
1102
1104
1108
1110
1111
1113
1115
1117
1118
1119
1120
1122
1124
1125
1126
1128
1130
1134
1135
1136
1137
1138
1141
1144
1146
1148
1151
1153
1154
1156
1158
1159
1160
1163
1164
1165
1166
1167
1168
1170
1171
1172
1173
1175
1176
1179
1183
1185
1187
1188
1190
1192
1194
1196
1197
1198
1199
1201
1203
1204
1206
1207
1208
1209
1210
1211
1213
1214
1215
1216
1218
1219
1222
1223
1225
1226
1227
1230
1231
1233
1234
1237
1239
1241
1246
1248
1249
1252
1253
1254
1255
1256
1257
1259
1261
1262
1264
1265
1268
1269
1271
1272
1273
1276
1278
1279
1280
1284
1286
1288
1293
1295
1296
1298
1300
1303
1304
1306
1308
1309
1313
1314
1316
1319
1322
1323
1325
1327
1328
1329
1331
1332
1333
1334
1335
1336
1337
1339
1341
1343
1346
1350
1351
1353
1355
1357
1358
1360
1361
1363
1367
1369
1371
1372
1374
1375
1378
1379
1381
1382
1383
1385
1387
1388
1389
1392
1394
1396
1399
1402
1406
1407
1410
1413
1414
1416
1418
1421
1423
1426
1428
1429
1430
1432
1435
1436
