1
2
3
4
5
6
7
8
9
10
11
12
13
14
15
16
17
18
19
20
21
22
23
24
25
26
27
28
29
30
31
32
33
34
35
36
37
38
39
40
41
42
43
44
45
46
47
48
49
50
51
52
53
54
55
56
57
58
59
60
61
62
63
64
65
66
67
68
69
70
71
72
73
74
75
76
77
78
79
80
81
82
83
84
85
86
87
88
89
90
91
92
93
94
95
96
97
98
99
100
101
102
103
104
105
106
107
108
109
110
111
112
114
115
116
117
118
119
120
121
122
123
124
125
126
127
128
129
130
131
132
133
134
135
136
137
138
139
140
141
142
143
144
145
146
147
148
149
150
151
152
153
154
155
156
157
158
159
160
161
162
163
164
165
166
167
168
169
170
171
172
173
174
175
176
177
178
179
180
181
182
183
184
185
186
187
188
189
190
191
192
193
194
195
196
197
198
199
200
201
202
203
204
205
206
207
208
209
210
211
213
214
215
216
217
218
219
220
221
222
223
224
225
227
228
229
230
231
232
233
234
235
236
237
238
239
240
241
242
243
244
245
246
247
248
249
250
251
252
253
254
255
256
257
259
260
261
262
263
264
265
266
268
269
270
271
272
273
274
275
276
277
278
279
280
281
282
283
284
285
286
287
288
289
290
291
292
293
294
295
296
297
298
299
300
301
302
303
304
305
306
307
308
309
310
311
312
313
314
315
316
317
318
319
320
321
322
323
324
325
326
327
328
329
330
331
332
333
334
335
336
337
338
339
340
341
342
343
344
345
346
347
348
349
350
351
352
353
354
355
356
357
358
360
361
362
363
364
365
366
367
368
369
370
371
372
373
374
375
376
377
378
379
380
381
382
383
384
385
386
387
388
389
390
391
392
393
394
395
396
397
398
399
400
401
402
403
404
405
406
407
409
410
411
412
413
414
415
416
417
418
419
420
421
423
424
425
427
428
429
430
431
432
433
434
436
437
438
439
440
441
442
443
444
445
446
447
448
450
451
453
455
457
458
459
460
461
462
463
464
465
466
467
468
469
470
471
472
473
474
475
476
477
478
479
480
481
483
484
485
486
487
488
489
491
492
493
495
496
497
498
499
501
502
503
504
505
506
507
508
509
511
512
514
515
517
518
519
520
521
522
524
525
526
527
528
529
530
531
532
533
534
536
537
538
539
540
541
542
543
544
545
546
547
548
549
550
551
552
553
554
555
556
557
558
559
560
561
562
563
564
565
566
568
569
570
571
572
573
575
576
577
578
579
580
581
582
583
584
585
587
588
589
590
591
592
594
595
596
597
598
599
600
601
602
603
604
606
607
608
609
610
611
612
613
614
615
616
617
619
620
621
622
623
624
625
628
629
630
631
632
633
634
635
636
637
638
639
640
641
642
644
646
647
648
649
651
652
653
654
655
656
658
659
660
661
663
664
665
666
667
668
669
670
671
672
673
674
675
676
677
678
679
680
681
682
684
685
686
687
688
691
693
694
695
696
697
698
699
700
701
702
703
704
705
706
707
708
709
710
711
712
713
714
715
716
717
718
719
720
722
723
724
726
729
730
731
733
734
735
736
737
738
739
741
742
743
745
746
747
748
749
750
752
753
754
755
756
757
758
759
761
762
763
764
765
766
767
768
769
770
771
773
775
776
777
778
779
780
781
782
783
784
785
786
787
788
789
790
791
793
794
795
797
798
799
800
801
802
803
804
805
806
807
808
809
810
811
813
814
815
816
817
818
819
821
822
823
824
825
826
827
828
829
831
832
834
835
836
837
838
839
840
841
842
843
844
845
846
847
848
849
850
851
852
853
855
856
857
858
859
860
861
862
863
864
865
867
868
869
870
871
872
874
876
877
878
879
880
881
882
883
885
886
887
888
889
890
891
892
893
895
896
897
898
899
900
901
902
903
904
906
908
910
911
912
913
914
915
917
920
921
922
923
924
925
926
927
928
930
931
932
933
935
936
938
939
940
941
942
943
944
945
946
947
948
949
950
951
952
953
954
955
956
957
958
959
961
962
963
964
965
966
968
969
970
971
972
973
974
976
977
978
979
980
981
982
983
984
986
987
988
989
990
991
992
993
995
996
997
998
999
1001
1002
1003
1004
1006
1007
1008
1009
1010
1011
1012
1013
1016
1017
1018
1019
1020
1021
1023
1024
1025
1026
1027
1028
1029
1030
1031
1032
1033
1034
1036
1037
1039
1041
1042
1043
1044
1045
1046
1047
1048
1049
1051
1052
1053
1054
1055
1057
1058
1060
1062
1064
1065
1066
1067
1069
1070
1071
1072
1073
1074
1075
1076
1077
1078
1079
1081
1082
1083
1084
1085
1086
1087
1088
1089
1090
1091
1092
1093
1094
1095
1097
1098
1099
1100
1101
1102
1103
1105
1107
1108
1110
1112
1114
1115
1116
1118
1119
1122
1123
1124
1125
1126
1127
1128
1130
1131
1132
1133
1134
1135
1136
1137
1138
1139
1141
1142
1143
1144
1145
1146
1147
1149
1151
1152
1154
1156
1157
1158
1159
1160
1161
1162
1164
1165
1166
1167
1168
1169
1170
1172
1174
1175
1176
1177
1178
1179
1180
1181
1182
1183
1184
1185
1186
1187
1188
1189
1190
1191
1192
1193
1194
1195
1196
1197
1198
1199
1200
1202
1205
1206
1207
1208
1209
1210
1211
1212
1213
1214
1216
1217
1218
1219
1222
1223
1224
1225
1226
1227
1229
1230
1231
1232
1233
1235
1237
1238
1240
1241
1242
1243
1244
1245
1247
1249
1250
1251
1252
1254
1255
1256
1257
1258
1259
1260
1261
1262
1264
1265
1266
1267
1268
1270
1271
1272
1273
1275
1276
1277
1278
1279
1280
1281
1282
1283
1285
1286
1287
1288
1289
1291
1292
1293
1294
1295
1296
1297
1298
1299
1301
1302
1303
1304
1306
1307
1308
1309
1310
1311
1312
1313
1314
1315
1316
1317
1318
1319
1320
1321
1322
1323
1324
1325
1326
1327
1328
1329
1331
1332
1333
1335
1336
1338
1340
1342
1343
1344
1345
1346
1347
1348
1351
1353
1354
1355
1356
1357
1359
1360
1361
1362
1363
1364
1365
1366
1368
1370
1371
1372
1374
1376
1377
1378
1379
1381
1382
1384
1385
1387
1388
1390
1391
1392
1393
1394
1396
1397
1398
1399
1401
1402
1403
1404
1405
1407
1410
1411
1412
1414
1415
1416
1417
1418
1419
1421
1422
1423
1424
1425
1426
1427
1428
1429
1430
1431
1432
1434
1436
1437
1438
1440
1442
1445
1446
1447
1448
1449
1452
1453
1454
1455
1456
1458
1459
1461
1462
1463
1464
1465
1466
1468
1469
1470
1471
1472
1473
1474
1475
1476
1478
1479
1481
1482
1483
1484
1486
1487
1488
1490
1492
1493
1494
1495
1496
1497
1518
1521
1522
1523
1524
1525
1526
1528
1529
1530
1532
1534
1535
1536
1538
1539
1540
1541
1542
1544
1546
1547
1549
1550
1552
1554
1556
1557
1559
1561
1562
1564
1565
1567
1568
1569
1570
1571
1572
1574
1576
1577
1578
1579
1580
1581
1583
1584
1586
1587
1588
1589
1591
1593
1595
1596
1598
1600
1601
1602
1603
1605
1606
1607
1608
1609
1610
1612
1613
1614
1615
1616
1617
1618
1620
1621
1622
1624
1625
1626
1627
1628
1629
1630
1631
1632
1634
1635
1637
1638
1639
1641
1643
1644
1646
1647
1649
1651
1653
1654
1656
1657
1658
1659
1660
1661
1662
1663
1664
1665
1667
1669
1670
1671
1672
1673
1674
1675
1676
1677
1678
1679
1681
1683
1684
1685
1686
1687
1688
1689
1692
1693
1694
1696
1697
1700
1701
1702
1704
1705
1706
1707
1708
1711
1712
1713
1714
1715
1716
1717
1718
1719
1720
1722
1723
1724
1725
1726
1728
1729
1730
1731
1732
1734
1735
1736
1738
1740
1742
1743
1746
1747
1748
1749
1752
1753
1754
1755
1757
1758
1759
1760
1762
1764
1766
1767
1768
1769
1770
1771
1772
1773
1774
1775
1777
1779
1780
1781
1782
1783
1785
1786
1787
1789
1790
1791
1793
1794
1795
1796
1798
1799
1801
1802
1803
1804
1805
1806
1807
1808
1809
1811
1812
1813
1814
1816
1817
1819
1820
1821
1823
1824
1825
1826
1828
1829
1830
1833
1834
1835
1836
1838
1839
1840
1841
1844
1845
1846
1847
1849
1850
1851
1852
1853
1854
1855
1856
1857
1858
1859
1860
1861
1862
1863
1864
1865
1867
1868
1870
1871
1872
1873
1874
1876
1877
1878
1880
1881
1882
1883
1885
1887
1888
1889
1890
1892
1894
1895
1896
1897
1898
1900
1901
1903
1904
1906
1907
1908
1909
1911
1912
1913
1914
1915
1916
1917
1918
1919
1920
1922
1923
1924
1925
1928
1929
1930
1931
1932
1934
1935
1936
1937
1939
1940
1942
1945
1946
1947
1948
1949
1950
1951
1952
1953
1954
1955
1956
1958
1960
1961
1962
1963
1965
1969
1971
1973
1975
1976
1978
1979
1980
1981
1982
1984
1986
1988
1991
1993
1995
1996
1997
1999
2001
2003
2005
2006
2008
2009
2011
2012
2013
2014
2015
2016
2017
2018
2019
2021
2023
2024
2025
2027
2028
2030
2032
2033
2034
2035
2039
2042
2043
2044
2045
2046
2047
2048
2050
2051
2052
2053
2054
2055
2056
2058
2059
2060
2061
2062
2063
2065
2066
2067
2069
2071
2072
2074
2075
2076
2077
2080
2081
2083
2084
2085
2086
2087
2090
2091
2092
2093
2094
2095
2097
2099
2100
2101
2102
2104
2105
2106
2108
2109
2110
2112
2113
2114
2115
2116
2117
2119
2121
2124
2126
2128
2129
2130
2131
2132
2133
2134
2135
2136
2139
2141
2143
2146
2147
2148
2150
2151
2152
2153
2154
2155
2156
2158
2159
2161
2162
2164
2165
2166
2167
2168
2169
2170
2174
2175
2178
2179
2180
2182
2184
2187
2188
2189
2192
2193
2194
2195
2196
2197
2199
2201
2203
2205
2206
2208
2209
2211
2212
2214
2216
2217
2218
2219
2221
2223
2224
2225
2227
2228
2229
2232
2234
2238
2239
2241
2242
2243
2244
2245
2246
2249
2250
2252
2253
2254
2256
2257
2258
2259
2260
2261
2262
2263
2266
2267
2268
2269
2270
2272
2273
2274
2275
2276
2279
2280
2281
2282
2283
2284
2285
2286
2287
2288
2289
2290
2291
2292
2294
2295
2296
2298
2299
2301
2302
2303
2304
2305
2307
2308
2309
2311
2312
2313
2314
2317
2318
2319
2320
2322
2323
2325
2329
2331
2333
2334
2335
2336
2338
2339
2340
2341
2343
2344
2345
2347
2348
2350
2351
2352
2353
2354
2357
2358
2359
2360
2361
2363
2365
2367
2368
2369
2370
2371
2372
2374
2375
2376
2377
2379
2381
2382
2383
2385
2386
2389
2392
2393
2394
2395
2397
2398
2399
2400
2401
2402
2404
2405
2406
2407
2408
2409
2411
2412
2413
2415
2417
2419
2420
2422
2423
2424
2426
2427
2429
2430
2431
2433
2434
2435
2437
2439
2441
2442
2443
2444
2445
2446
2448
2449
2450
2451
2453
2454
2455
2456
2458
2459
2460
2461
2462
2463
2464
2465
2466
2467
2468
2470
2475
2476
2478
2479
2480
2481
2482
2484
2485
2486
2487
2489
2491
2492
2493
2494
2495
2496
2497
2498
2499
2500
2503
2505
2506
2507
2508
2509
2513
2515
2516
2517
2518
2519
2522
2523
2525
2526
2528
2529
2530
2531
2532
2533
2534
2537
2538
2539
2540
2541
2543
2544
2547
2550
2552
2553
2554
2555
2556
2558
2559
2560
2562
2563
2564
2565
2566
2567
2568
2571
2573
2574
2576
2577
2580
2581
2582
2583
2584
2587
2588
2589
2591
2592
2593
2594
2595
2596
2597
2599
2601
2602
2605
2607
2608
2610
2611
2612
2614
2616
2617
2618
2619
2621
2622
2625
2626
2627
2629
2631
2632
2633
2634
2636
2637
2638
2640
2641
2643
2645
2646
2647
2648
2651
2653
2655
2656
2657
2661
2663
2666
2668
2669
2670
2671
2672
2674
2675
2676
2679
2680
2681
2682
2683
2684
2686
2687
2689
2690
2693
2694
2695
2696
2697
2698
2699
2701
2702
2704
2705
2707
2710
2711
2713
2715
2716
2718
2719
2720
2723
2724
2725
2726
2727
2728
2730
2732
2735
2737
2738
2739
2740
2741
2744
2746
2748
2750
2752
2753
2755
2756
2757
2758
2760
2761
2763
2764
2765
2766
2768
2769
2770
2772
2773
2775
2776
2778
2780
2782
2783
2785
2786
2787
2788
2790
2793
2795
2796
2797
2798
2799
2800
2803
2807
2808
2809
2810
2812
2813
2816
2818
2819
2820
2823
2824
2825
2828
2830
2831
2832
2833
2834
2836
2837
2838
2839
2841
2844
2848
2850
2852
2853
2854
2857
2859
2861
2862
2863
2864
2865
2867
2868
2869
2871
2872
2875
2876
2877
2879
2880
2881
2882
2883
2884
2886
2887
2888
2889
2892
2893
2894
2897
2898
2900
2901
2902
2903
2904
2906
2907
2909
2910
2911
2912
2913
2914
2915
2919
2921
2922
2923
2925
2926
2928
2931
2932
2933
2935
2950
2952
2953
2955
2956
2958
2959
2961
2963
2964
2965
2966
2967
2970
2972
2973
2974
2975
2977
2978
2980
2981
2982
2984
2986
2987
2989
2992
2993
2994
2997
2998
2999
3000
3001
3002
3004
3005
3007
3009
3010
3011
3012
3013
3014
3016
3017
3018
3019
3022
3024
3026
3028
3029
3031
3033
3037
3038
3039
3041
3042
3044
3045
3046
3048
3049
3050
3051
3053
3054
3058
3060
3062
3064
3066
3069
3070
3072
3073
3075
3076
3077
3079
3080
3081
3082
3083
3084
3085
3086
3089
3090
3091
3092
3093
3094
3095
3096
3097
3100
3101
3102
3103
3104
3105
3106
3107
3108
3109
3111
3112
3113
3114
3117
3118
3119
3120
3121
3122
3123
3124
3125
3126
3128
3129
3130
3131
3133
3134
3136
3137
3138
3139
3140
3141
3143
3144
3145
3147
3148
3150
3151
3152
3153
3156
3158
3159
3160
3162
3163
3164
3165
3166
3167
3168
3169
3170
3173
3174
3175
3176
3177
3180
3181
3183
3184
3186
3187
3189
3191
3192
3193
3194
3195
3196
3198
3199
3200
3201
3203
3205
3206
3207
3208
3212
3214
3215
3216
3217
3218
3219
3221
3224
3225
3226
3227
3229
3230
3232
3233
3235
3236
3239
3240
3243
3244
3245
3248
3249
3251
3255
3257
3258
3259
3260
3262
3264
3265
3268
3269
3270
3272
3274
3275
3276
3277
3278
3280
3282
3283
3284
3285
3287
3288
3289
3290
3291
3292
3293
3295
3296
3298
3299
3301
3303
3304
3305
3306
3307
3308
3310
3312
3313
3314
3315
3317
3318
3321
3322
3323
3325
3326
3330
3332
3334
3336
3337
3338
3340
3341
3342
3344
3346
3348
3349
3352
3353
3355
3357
3359
3360
3363
3364
3365
3367
3368
3369
3370
3371
3372
3373
3375
3376
3378
3379
3380
3381
3383
3384
3386
3389
3390
3391
3392
3394
3395
3396
3397
3398
3399
3400
3402
3403
3404
3406
3407
3408
3412
3414
3415
3416
3417
3418
3420
3421
3422
3423
3424
3426
3427
3428
3429
3431
3433
3434
3435
3437
3438
3439
3441
3442
3443
3446
3448
3449
3450
3452
3453
3454
3455
3457
3458
3459
3461
3463
3465
3467
3468
3469
3471
3473
3474
3476
3477
3478
3482
3484
3485
3488
3492
3493
3494
3495
3496
3497
3498
3499
3502
3504
3505
3506
3508
3509
3510
3512
3514
3515
3516
3517
3518
3519
3520
3523
3524
3526
3527
3528
3529
3530
3532
3533
3534
3535
3536
3537
3538
3540
3541
3543
3544
3545
3547
3549
3552
3553
3556
3557
3558
3559
3561
3564
3565
3566
3567
3568
3569
3571
3574
3577
3579
3580
3582
3583
3584
3586
3587
3588
3590
3592
3593
3596
3598
3599
3601
3602
3604
3605
3606
3607
3609
3610
3611
3614
3615
3617
3618
3621
3622
3623
3624
3626
3628
3629
3632
3633
3634
3636
3637
3638
3639
3642
3644
3645
3646
3647
3649
3652
3653
3655
3658
3661
3663
3665
3666
3667
3669
3670
3671
3672
3675
3676
3677
3678
3679
3680
3682
3684
3687
3688
3692
3693
3694
3697
3699
3700
3701
3702
3704
3709
3710
3712
3714
3717
3718
3719
3722
3725
3727
3730
3731
3732
3734
3736
3737
3738
3740
3742
3744
3745
3748
3751
3753
3754
3755
3756
3760
3761
3762
3764
3766
3768
3771
3772
3774
3776
3777
3778
3779
3780
3781
3782
3783
3785
3786
3788
3789
3791
3792
3794
3795
3796
3797
3798
3799
3800
3801
3802
3803
3806
3808
3809
3811
3812
3815
3816
3818
3821
3823
3825
3828
3830
3833
3835
3837
3838
3839
3840
3842
3843
3845
3847
3849
3851
3852
3855
3856
3859
3861
3862
3863
3864
3865
3866
3867
3869
3871
3873
3874
3877
3879
3880
3881
3882
3883
3884
3886
3890
3891
3892
3893
3894
3896
3898
3899
3902
3904
3905
3906
3907
3909
3910
3912
3914
3920
3922
3924
3925
3928
3929
3931
3933
3934
3935
3938
3939
3941
3942
3943
3944
3946
3947
3948
3950
3951
3952
3953
3954
3956
3957
3959
3960
3961
3964
3965
3966
3968
3969
3970
3971
3974
3975
3976
3978
3981
3983
3985
3986
3987
3988
3990
3993
3994
3995
3997
3998
3999
4000
4001
4002
4003
4005
4006
4008
4009
4011
4012
4014
4015
4016
4020
4021
4022
4023
4024
4026
4028
4029
4031
4034
4035
4037
4038
4041
4042
4043
4044
4046
4047
4048
4050
4052
4054
4056
4058
4059
4060
4062
4064
4066
4069
4071
4074
4076
4079
4081
4082
4085
4086
4088
4089
4090
4092
4094
4095
4096
4097
4099
4100
4103
4105
4107
4110
4111
4112
4114
4115
4116
4117
4119
4120
4122
4125
4126
4128
4131
4132
4134
4137
4140
4141
4145
4146
4148
4149
4150
4154
4155
4156
4157
4158
4160
4162
4165
4166
4168
4169
4170
4171
4172
4173
4175
4176
4180
4183
4185
4188
4191
4193
4195
4197
4198
4199
4203
4204
4206
4207
4209
4210
4211
4214
4217
4218
4219
4221
4224
4225
4226
4229
4231
4232
4233
4235
4236
4237
4238
4239
4241
4242
4244
4246
4247
4249
4250
4251
4253
4255
4257
4259
4260
4261
4263
4265
4267
4269
4270
4271
4274
4275
4278
4280
4282
4284
4289
4290
4292
4295
4297
4298
4299
4300
4302
4303
4306
4307
4308
4310
4311
4312
4313
4314
4315
4318
4319
4320
4321
4322
4324
4325
4326
4329
4330
4332
4333
4334
4335
4336
4337
4338
4339
4340
4343
4344
4346
4347
4349
4295
4296
4299
4302
4304
4306
4307
4308
4310
4311
4312
4314
4315
4316
4317
4319
4321
4323
4325
4326
4329
4333
4334
4335
4337
4339
4340
4341
4343
4344
4347
4349
4350
4352
4353
4354
4355
4356
4357
4358
4359
4361
4363
4364
4365
4366
4368
4369
4372
4373
4375
4377
4378
4380
4381
4382
4383
4385
4386
4387
4389
4391
4392
4394
4395
4397
4400
4401
4402
4403
4404
4405
4406
4409
4410
4412
4413
4416
4418
4419
4420
4421
4425
4426
4429
4431
4433
4435
4436
4437
4438
4439
4440
4441
4443
4444
4447
4448
4449
4450
4451
4452
4455
4456
4457
4458
4460
4463
4465
4467
4468
4469
4473
4474
4475
4476
4479
4482
4483
4484
4486
4487
4488
4489
4490
4495
4498
4500
4501
4504
4507
4509
4510
4512
4513
4514
4515
4517
4519
4520
4521
4522
4524
4526
4527
4528
4529
4531
4532
4534
4537
4539
4540
4542
4544
4545
4547
4548
4551
4552
4553
4555
4557
4561
4563
4567
4569
4570
4573
4574
4576
4578
4579
4581
4582
4583
4584
4586
4587
4589
4590
4591
4592
4595
4597
4598
4600
4603
4604
4607
4609
4611
4614
4616
4617
4618
4619
4621
4622
4623
4624
4625
4626
4628
4629
4630
4631
4633
4635
4637
4638
4639
4642
4643
4644
4647
4648
4649
4650
4651
4653
4654
4656
4658
4661
4664
4665
4669
4671
4676
4677
4679
4681
4683
4684
4686
4687
4689
4690
4693
4695
4699
4704
4706
4707
4708
4709
4710
4712
4713
4714
4715
4716
4717
4719
4721
4722
4723
4725
4726
4727
4728
4730
4731
4733
4735
4737
4739
4741
4742
4743
4745
4747
4749
4750
4752
4753
4754
4756
4757
4758
4761
4764
4765
4767
4769
4772
4773
4774
4775
4777
4778
4779
4780
4783
4786
4788
4789
4791
4793
4797
4798
4801
4803
4805
4807
4808
4810
4811
4812
4813
4814
4815
4816
4817
4819
4821
4822
4824
4825
4826
4830
4831
4832
4833
4834
4836
4837
4839
4841
4844
4846
4847
4848
4851
4853
4854
4856
4858
4861
4863
4864
4867
4869
4870
4872
4875
4876
4880
4881
4883
4884
4886
4887
4889
4890
4891
4893
4895
4896
4897
4898
4900
4902
4903
4904
4905
4907
4908
4909
4910
4911
4913
4915
4916
4917
4919
4922
4924
4925
4928
4929
4930
4931
4932
4934
4935
4937
4938
4939
4941
4942
4943
4945
4946
4947
4949
4955
4957
4959
4961
4963
4965
4968
4971
4972
4973
4974
4977
4979
4981
4983
4985
4986
4988
4989
4990
4991
4992
4995
4996
5000
5001
5002
5003
5004
5006
5007
5008
5011
5013
5015
5018
5019
5023
5025
5027
5028
5030
5031
5033
5035
5038
5040
5041
5044
5045
5047
5050
5051
5053
5055
5057
5058
5059
5061
5064
5065
5067
5068
5069
5072
5074
5075
5077
5080
5081
5082
5084
5085
5087
5088
5090
5091
5092
5093
5094
5096
5097
5098
5101
5102
5104
5106
5107
5109
5112
5114
5115
5118
5119
5120
5121
5122
5123
5124
5125
5128
5130
5132
5133
5134
5136
5138
5140
5142
5143
5145
5147
5149
5150
5151
5154
5155
5156
5157
5159
5160
5162
5163
5164
5166
5167
5170
5171
5173
5175
5177
5180
5181
5183
5184
5187
5189
5191
5192
5193
5195
5197
5199
5201
5203
5204
5206
5208
5210
5212
5213
5215
5217
5219
5222
5223
5225
5228
5229
5230
5233
5234
5236
5237
5239
5241
5242
5243
5245
5246
5250
5252
5253
5254
5255
5259
5260
5261
5262
5264
5266
5267
5269
5271
5274
5276
5278
5279
5281
5283
5285
5288
5292
5295
5297
5298
5301
5302
5303
5304
5305
5306
5307
5308
5310
5311
5312
5314
5318
5320
5321
5322
5323
5325
5329
5330
5332
5333
5335
5336
5338
5341
5342
5343
5344
5349
5350
5352
5353
5354
5356
5357
5358
5362
5363
5366
5368
5369
5370
5373
5375
5377
5381
5384
5386
5387
5388
5390
5392
5395
5396
5397
5401
5402
5403
5404
5406
5408
5410
5411
5412
5413
5416
5417
5418
5420
5421
5423
5426
5429
5431
5433
5434
5436
5437
5439
5441
5446
5447
5449
5451
5453
5454
5457
5459
5464
5466
5469
5471
5472
5476
5479
5480
5483
5484
5485
5486
5487
5488
5489
5491
5493
5495
5496
5497
5498
5499
5500
5502
5503
5506
5509
5513
5514
5515
5518
5520
5524
5525
5528
5531
5532
5533
5537
5538
5539
5542
5543
5547
5548
5551
5554
5557
5559
5561
5565
5566
5567
5569
5573
5575
5576
5580
5582
5583
5586
5587
5588
5592
5593
5595
5596
5598
5600
5601
5602
5604
5605
5606
5607
5608
5609
5611
5614
5616
5617
5619
5620
5621
5625
5626
5628
5629
5631
5633
5634
5635
5638
5639
5642
5643
5644
5646
5647
5650
5651
5652
5654
5657
5658
5659
5660
5661
5664
5666
5668
5672
5674
5675
5677
5679
5681
5683
5685
5687
5689
5691
5693
5694
5696
5699
5702
5704
5707
5708
5710
5712
5713
5715
5716
5718
5719
5720
5721
5724
5726
5728
5730
5732
5734
5736
5739
5740
5742
5743
5746
5748
5752
5753
5754
5755
5756
5758
5762
5763
5766
5769
5770
5771
5772
5773
5774
5775
5778
5781
5783
5784
5785
5787
5788
5790
5792
5793
5795
5796
5801
5803
5804
5806
5808
5811
5812
5814
5815
5817
5819
5821
5823
5824
5827
5829
5872
5873
5876
5877
5879
5880
5881
5882
5883
5885
5888
5889
5890
5892
5894
5897
5899
5900
5903
5905
5906
