1
2
3
4
5
6
7
8
9
10
11
12
13
14
15
16
17
18
19
20
21
22
23
24
25
26
27
28
29
30
31
32
33
34
35
36
37
38
39
40
41
42
43
44
45
46
47
48
49
50
51
52
53
54
55
56
57
58
59
60
61
62
63
64
65
67
68
69
70
71
72
73
74
75
76
77
78
79
80
81
83
84
85
86
87
88
89
90
91
92
93
94
95
96
97
98
99
100
103
104
106
107
108
109
110
111
112
113
114
115
116
117
118
119
120
121
122
123
124
125
126
127
128
130
131
132
133
134
135
136
137
138
139
140
141
142
143
144
145
146
147
148
149
150
151
152
153
154
155
156
157
158
159
160
161
162
163
164
165
166
167
168
169
170
171
172
174
175
176
177
178
179
180
181
182
183
184
186
187
188
189
190
191
193
194
195
196
197
198
200
201
203
204
205
207
208
209
210
211
212
213
214
215
216
217
219
220
221
222
224
225
226
227
228
229
230
231
232
233
234
235
236
237
238
239
240
241
242
243
244
245
246
248
249
250
251
252
253
254
255
256
257
258
259
260
261
263
264
265
266
267
268
269
270
271
272
273
274
275
276
277
279
280
281
282
283
284
285
286
287
288
289
291
292
293
294
295
297
298
300
301
303
304
305
307
308
309
311
312
313
314
315
316
317
318
319
320
321
322
323
324
325
327
328
330
331
334
335
336
338
339
340
341
342
343
344
345
346
347
348
349
350
351
352
353
354
355
356
358
360
361
362
364
365
366
367
368
370
371
372
373
374
375
376
377
378
379
381
383
385
388
389
390
391
392
393
395
396
397
398
400
401
403
404
405
406
407
408
409
410
411
412
413
414
415
417
418
419
420
421
422
423
424
425
426
427
428
429
430
431
432
433
434
436
438
440
441
442
443
444
445
447
448
449
452
453
454
455
456
457
458
459
460
462
463
464
465
467
468
469
470
471
473
475
476
477
478
479
480
481
482
485
486
487
488
489
490
491
492
493
494
496
497
499
501
504
505
507
509
510
511
512
513
514
515
516
518
519
520
521
522
523
524
525
526
527
528
529
530
531
532
533
535
536
537
538
539
541
542
543
546
548
549
550
551
552
553
555
558
559
560
561
563
564
565
566
567
569
570
571
573
574
576
578
579
580
582
584
585
587
588
589
591
592
593
594
595
596
597
598
600
602
603
604
606
607
608
609
610
611
612
613
614
615
617
618
619
620
622
623
625
626
628
629
631
632
633
634
636
637
638
641
642
643
644
646
647
648
649
650
651
652
653
654
655
657
658
661
662
664
665
668
670
671
672
673
674
676
677
680
681
683
684
686
688
689
690
691
692
693
695
696
697
698
699
700
702
703
706
707
708
709
710
711
712
713
714
715
716
717
718
719
720
721
723
724
725
726
727
728
729
730
732
734
736
738
739
740
741
742
743
744
746
748
750
752
754
756
757
758
759
760
761
762
763
764
765
766
767
768
769
770
771
772
773
775
776
777
779
780
781
783
784
785
786
787
788
790
791
792
793
794
797
798
799
800
802
803
804
805
806
807
809
810
811
813
814
816
817
818
819
822
824
825
826
827
828
829
830
831
832
833
834
835
836
837
839
840
841
843
844
845
846
848
850
851
852
853
855
856
857
858
859
861
862
863
864
866
867
868
870
872
873
874
876
877
878
880
881
882
885
888
889
890
892
894
896
897
898
901
903
904
905
906
907
908
909
910
911
913
914
915
916
917
919
920
921
923
924
925
926
927
928
929
930
931
932
934
936
937
938
939
940
941
943
944
945
947
948
949
950
951
954
956
957
958
959
960
961
963
965
967
969
971
972
974
976
979
981
983
984
985
986
988
989
991
992
994
996
997
999
1000
1002
1004
1005
1006
1009
1010
1011
1012
1014
1016
1017
1018
1019
1020
1022
1023
1024
1026
1028
1029
1030
1032
1033
1034
1036
1037
1039
1041
1043
1044
1045
1046
1047
1049
1051
1052
1053
1055
1059
1062
1063
1064
1065
1066
1068
1069
1071
1074
1075
1076
1077
1080
1081
1082
1084
1085
1086
1087
1089
1090
1092
1093
1095
1097
1098
1100
1103
1106
1107
1108
1109
1111
1112
1114
1115
1119
1120
1121
1122
1124
1125
1127
1129
1130
1131
1132
1133
1135
1137
1139
1140
1141
1142
1144
1145
1146
1147
1149
1150
1151
1152
1156
1159
1160
1161
1165
1166
1167
1168
1169
1171
1172
1173
1174
1175
1176
1177
1178
1179
1180
1182
1185
1186
1187
1188
1190
1191
1192
1193
1196
1200
1201
1202
1204
1205
1206
1207
1208
1211
1212
1214
1215
1216
1219
1222
1223
1225
1226
1227
1229
1232
1233
1237
1238
1240
1242
1243
1246
1249
1251
1252
1253
1255
1256
1257
1258
1260
1262
1264
1266
1267
1268
1270
1271
1276
1279
1282
1284
1285
1287
1288
1290
1291
1292
1293
1295
1296
1297
1298
1300
1301
1302
1304
1306
1307
1308
1310
1311
1312
1314
1316
1318
1319
1320
1321
1322
1323
1325
1327
1328
1330
1331
1330
1331
1333
1334
1335
1336
1337
1338
1339
1340
1342
1344
1346
1347
1348
1349
1352
1353
1354
1355
1356
1357
1358
1359
1361
1363
1366
1368
1369
1372
1374
1375
1376
1377
1378
1381
1382
1385
1387
1389
1390
1391
1392
1393
1396
1397
1398
1399
1401
1403
1404
1406
1407
1408
1410
1411
1412
1414
1416
1417
1421
1423
1424
1426
1427
1428
1430
1432
1434
1436
1437
1440
1443
1444
1446
1448
1450
1451
1452
1454
1457
1459
1460
1461
1463
1464
1466
1467
1468
1469
1471
1472
1473
1475
1478
1479
1481
1484
1486
1487
1488
1490
1491
1493
1494
1495
1497
1498
1500
1502
1503
1504
1505
1506
1507
1508
1510
1511
1512
1513
1515
1518
1519
1520
1522
1523
1525
1526
1527
1529
1532
1534
1535
1536
1537
1540
1541
1543
1545
1547
1548
1550
1551
1555
1556
1557
1560
1561
1562
1564
1566
1568
1569
1570
1572
1573
1574
1575
1576
1578
1581
1583
1584
1586
1589
1590
1592
1593
1594
1596
1598
1600
1601
1603
1604
1605
1606
1607
1608
1610
1611
1612
1614
1615
1617
1619
1620
1621
1622
1624
1626
1627
1629
1631
1633
1634
1635
1636
1637
1640
1641
1642
1644
1645
1646
1647
1649
1650
1652
1655
1656
1657
1658
1661
1662
1663
1664
1665
1667
1668
1671
1673
1674
1676
1677
1679
1680
1681
1682
1684
1687
1688
1689
1691
1692
1694
1695
1698
1701
1703
1704
1705
1708
1710
1712
1714
1716
1717
1719
1722
1724
1725
1727
1728
1729
1730
1731
1733
1734
1736
1738
1740
1742
1743
1745
1748
1749
1750
1752
1754
1756
1757
1760
1761
1762
1764
1765
1768
1771
1772
1773
1775
1776
1778
1779
1782
1783
1786
1787
1788
1789
1791
1793
1795
1796
1798
1800
1803
1805
1808
1809
1812
1813
1814
1816
1818
1820
1824
1825
1827
1833
1834
1837
1840
1843
1844
1845
1849
1850
1852
1856
1860
1862
1864
1865
1866
1868
1870
1871
1872
1874
1877
1879
1880
1882
1883
1884
1885
1887
1888
1889
1891
1892
1893
1894
1896
1899
1902
1904
1905
1906
1908
1910
1912
1913
1914
1915
1918
1921
1922
1923
1924
1927
1929
1930
1934
1937
1938
1939
1941
1944
1945
1948
1951
1952
1953
1956
1958
1959
1961
1963
1965
1967
1969
1970
1971
1975
1978
1980
1981
1982
1983
1986
1987
1988
1990
1992
1994
1995
1997
1998
1999
2000
2002
2004
2007
2009
2012
2013
2017
2021
2023
2025
2026
2028
2029
2031
2033
2034
2035
2036
2037
2039
2040
2041
2042
2043
2044
2045
2047
2048
2050
2051
2054
2055
2058
2059
2061
2062
2064
2066
2068
2069
2070
2073
2076
2079
2083
2085
2087
2088
2090
2093
2094
2096
2098
2101
2102
2104
2105
2107
2109
2112
2113
2114
2117
2121
2123
2125
2126
2127
2131
2133
2134
2137
2139
2140
2143
2145
2148
2150
2154
2155
2156
2158
2161
2163
2164
2166
2167
2168
2169
2172
2174
2176
2177
2178
2180
2182
2188
2190
2191
2193
2196
2197
2198
2200
2202
2204
2207
2209
2213
2214
2215
2217
2218
2219
2222
2227
2228
2229
2232
2233
2234
2235
2237
2238
2239
2242
2243
2245
2247
2248
2251
2253
2255
2256
2259
2263
2264
2266
2268
2270
2273
2274
2277
2279
2281
2283
2288
2290
2292
2294
2295
2296
2299
2300
2302
2306
2308
2312
2313
2315
2319
2322
2324
2326
2328
2329
2332
2336
2340
2343
2344
2346
2349
2350
2351
2354
2355
2356
2359
2360
2361
2362
2363
2367
2368
2372
2377
2380
2383
2386
2387
2388
2389
2391
2392
2393
2395
2400
2403
2405
2408
2409
2410
2411
2412
2413
2415
2418
2422
2425
2426
2429
2430
2432
2434
2436
2438
2439
2441
2442
2443
2444
2446
2447
2449
2453
2454
2458
2460
2462
2463
2465
2469
2471
2473
2474
2477
2480
2483
2484
2486
2488
2490
2491
2492
2494
2496
2497
2500
2501
2502
2505
2508
2510
2514
2515
2516
2519
2520
2521
2522
2526
2531
2533
2534
2536
2537
2538
2539
2540
2542
2543
2546
2547
2548
2549
2550
2554
2555
2557
2560
2562
2563
2566
