1001
1
2
3
4
5
6
7
8
9
10
11
12
13
14
15
16
17
18
19
20
21
22
23
24
25
26
27
28
29
30
31
32
33
34
35
36
37
38
39
40
41
42
43
44
45
46
47
48
49
50
51
52
53
54
55
56
57
58
59
60
61
62
63
64
65
66
67
68
69
70
71
72
73
74
75
76
77
78
79
80
81
83
84
85
86
87
88
89
90
91
92
93
95
96
97
98
100
101
103
104
105
106
107
108
109
110
112
114
115
116
117
118
119
120
121
122
123
124
125
127
128
129
130
131
133
134
135
137
139
140
142
143
144
145
146
147
148
149
150
151
152
153
154
155
156
158
159
160
161
162
163
164
166
167
168
169
170
171
172
173
174
175
176
177
178
179
180
181
183
184
185
186
187
188
189
190
192
193
194
195
196
197
199
200
201
202
203
204
205
206
208
209
210
211
212
214
216
217
218
219
220
221
223
224
225
226
227
228
229
230
231
232
234
237
238
239
240
241
242
243
244
245
247
248
249
251
252
253
254
255
256
257
258
259
260
261
262
263
264
266
267
268
269
271
272
273
275
276
278
279
283
284
285
286
287
288
289
290
291
292
293
294
296
297
298
299
300
301
303
304
305
306
308
309
311
313
314
315
316
317
318
321
322
323
324
325
327
328
330
331
332
333
335
336
337
338
339
341
342
344
346
348
349
350
352
354
355
356
359
360
361
364
367
368
369
370
371
373
375
376
377
378
379
380
381
382
384
385
386
388
389
391
392
393
395
396
398
399
400
401
403
404
405
406
408
410
411
412
414
415
416
418
419
420
421
422
424
425
426
430
432
433
434
436
437
438
439
442
444
445
446
447
448
449
451
453
454
456
457
458
459
460
461
464
465
467
468
469
470
471
472
474
476
477
479
480
481
482
484
485
486
487
488
489
491
493
495
496
498
499
500
503
505
506
507
508
509
511
512
514
515
518
520
521
522
523
524
525
527
528
529
530
531
532
534
536
537
538
540
541
542
544
545
546
547
548
551
553
556
557
560
561
563
564
567
569
570
572
575
576
577
580
581
583
584
585
586
587
589
590
591
592
593
594
595
596
598
599
600
601
603
604
605
607
608
609
610
611
613
614
615
616
621
622
624
625
626
627
628
630
631
632
634
635
637
638
639
640
642
644
645
646
648
649
653
655
656
657
658
659
661
662
665
666
667
668
669
671
672
673
674
675
676
677
678
679
680
681
682
683
684
685
686
688
689
690
691
693
695
696
697
698
699
700
701
703
704
706
708
709
710
711
712
713
715
717
719
720
721
723
725
726
728
729
731
732
733
734
735
736
737
738
740
741
742
744
746
747
748
749
750
751
752
753
754
755
757
759
760
761
764
765
767
768
770
772
773
774
776
778
780
781
782
783
785
786
787
788
789
790
791
793
794
795
798
802
803
804
806
807
808
810
812
814
815
818
820
822
823
825
826
827
828
829
830
831
833
835
836
837
839
840
841
842
844
845
846
847
850
852
854
855
856
858
861
863
865
868
870
871
872
875
876
878
880
881
882
883
884
885
887
888
890
893
894
895
897
900
901
903
904
906
909
911
913
915
916
917
918
919
920
923
924
925
926
927
928
929
930
932
933
934
936
937
939
940
941
943
946
948
949
950
951
954
956
958
959
960
961
963
964
966
968
971
973
974
975
978
980
981
982
983
986
987
989
990
992
994
995
997
998
999
1001
1003
1004
1005
1006
1007
1009
1010
1011
1013
1015
1016
1018
1021
1024
1025
1027
1031
1034
1036
1039
1040
1041
1043
1045
1046
1047
1049
1050
1053
1054
1056
1057
1058
1059
1061
1062
1064
1065
1067
1069
1070
1072
1074
1075
1078
1080
1082
1083
1085
1086
1087
1088
1091
1092
1094
1095
1096
1097
1098
1100
1101
1104
1106
1108
1109
1111
1112
1114
1115
1116
1117
1118
1121
1122
1123
1124
1128
1130
1132
1135
1136
1138
1141
1145
1146
1148
1149
1150
1151
1153
1155
1156
1157
1159
1160
1162
1164
1165
1167
1168
1170
1174
1175
1176
1178
1180
1183
1184
1187
1188
1189
1190
1193
1194
1196
1198
1200
1205
1207
1210
1211
1213
1215
1216
1217
1218
1221
1223
1224
1226
1227
1229
1230
1232
1235
1237
1240
1242
1243
1244
1245
1246
1247
1248
1249
1252
1253
1256
1258
1260
1262
1263
1265
1267
1268
1271
1272
1274
1276
1278
1279
1280
1283
1284
1285
1289
1290
1293
1294
1295
1296
1297
1298
1300
1302
1304
1307
1308
1309
1311
1312
1313
1315
1318
1319
1322
1323
1324
1325
1327
1329
1331
1333
1335
1337
1338
1340
1341
1344
1345
1347
1348
1349
1351
1353
1355
1357
1358
1361
1364
1366
1369
1370
1372
1373
1374
1377
1378
1381
1382
1384
1385
1386
1389
1390
1394
1396
1398
1400
1401
1403
1404
1406
1407
1408
1412
1415
1417
1419
1421
1422
1424
1426
1427
1429
1431
1433
1436
1
2
3
4
5
6
7
8
9
10
11
12
13
14
15
16
17
18
19
20
21
22
23
24
25
26
27
28
29
30
31
32
33
34
35
36
37
38
39
40
41
42
43
44
45
46
47
48
49
50
51
52
53
54
55
57
58
60
61
62
63
64
65
66
67
68
69
70
71
72
73
74
75
76
77
78
79
80
81
82
83
84
85
86
87
88
89
90
91
92
93
94
95
96
97
98
99
100
102
103
104
105
106
107
108
109
110
111
112
113
114
115
117
118
119
120
121
122
123
124
125
126
127
128
129
130
131
132
133
134
136
137
138
139
141
142
143
144
145
146
147
148
149
151
152
153
154
156
157
158
159
160
161
162
163
164
165
166
167
168
170
172
173
174
176
178
179
180
181
182
183
184
186
187
188
189
190
191
192
194
196
197
198
199
200
201
202
203
204
205
206
207
208
209
210
212
213
215
216
217
218
219
221
222
223
224
225
226
229
230
231
232
233
238
239
240
242
243
244
245
246
247
249
250
252
253
255
257
258
259
261
262
263
264
265
266
267
268
269
270
274
284
286
287
288
290
292
295
296
297
298
299
301
302
303
304
305
306
307
309
310
312
315
316
317
318
319
321
324
325
326
327
328
329
330
331
332
333
334
335
336
338
340
341
342
343
344
345
346
348
349
350
351
354
355
356
357
358
359
360
361
363
365
366
367
370
372
373
374
375
377
382
383
384
385
386
387
388
389
392
393
394
395
396
399
401
402
403
404
405
406
407
408
409
410
411
413
414
416
417
418
419
422
423
426
427
428
434
436
437
438
439
442
443
446
447
448
450
451
455
457
459
460
461
463
464
468
469
470
471
472
480
481
482
483
484
485
487
490
491
495
496
497
499
501
503
505
506
507
508
509
512
513
514
518
519
522
525
526
527
529
530
531
532
533
534
535
536
539
541
543
544
547
548
551
552
553
554
557
559
561
562
567
568
569
570
573
574
575
576
588
589
591
597
599
601
603
608
609
613
614
616
620
622
623
626
628
631
632
633
636
637
639
640
641
646
647
648
649
655
660
662
664
666
667
668
674
675
676
677
682
683
685
686
693
694
695
696
698
699
703
704
707
708
716
720
721
723
724
726
727
728
729
740
741
742
743
744
745
749
751
753
755
758
759
761
764
765
766
767
775
776
779
785
786
787
789
790
801
802
803
804
805
807
809
810
812
813
814
815
816
821
823
826
827
830
831
834
835
841
842
852
853
855
856
858
859
862
869
870
874
875
876
877
878
879
881
886
890
891
895
896
898
905
906
910
918
922
923
924
925
927
929
933
935
938
943
944
946
949
954
955
959
966
970
973
976
982
984
987
990
991
992
993
995
1004
1007
1008
1019
1024
1028
1038
1043
1044
1045
1050
1054
1056
1079
1084
1085
1095
1096
1097
1103
1106
1112
1113
1114
1118
1120
1140
1141
1142
1149
1151
1152
1162
1164
1167
1168
1170
1171
1174
1175
1178
1179
1182
1183
1184
1226
1227
1228
1234
1241
1242
1246
1247
1249
1286
1289
1297
1301
1302
1304
1305
1309
1310
1311
1313
1315
1316
1321
1326
1336
1343
1357
1358
1359
1360
1362
1366
1367
1369
1374
1379
1394
1396
1397
1402
1403
1409
1411
1420
1431
1432
1435
1436
1437
1439
1441
1457
1459
1461
1462
1464
1485
1486
1488
1489
1490
1493
1500
1501
1502
1509
1520
1522
1523
1563
1568
1569
1570
1587
1591
1659
1660
1661
1662
1663
1685
1686
1687
1694
1695
1696
1702
1710
1713
1716
1721
1722
1726
1734
1736
1737
1744
1752
1812
1813
1817
1858
1859
1872
1873
1882
1883
1891
1894
1895
1937
1942
1945
1950
1956
1957
1958
2082
2088
2090
2097
2098
2101
2108
2109
2111
2112
2122
2124
2128
2129
2135
2140
2145
2154
2156
2260
2281
2286
2295
2296
2300
2301
2302
2303
2304
2305
2314
2438
2467
2473
2487
2489
2493
2497
2498
2513
2514
2516
2528
2671
2676
2678
2685
2686
2806
2807
2895
3064
3067
3075
3076
3098
3100
3239
3244
3265
3266
3267
3275
3281
3293
3296
3301
3307
3308
3315
3318
3327
3421
3425
3429
3436
3438
3449
3540
3541
3659
3660
3669
3730
3919
3930
3957
3961
3985
3987
3988
3996
4003
4014
4019
4071
4268
4269
4284
4356
4403
4410
4411
4417
4428
4431
4434
4446
4449
4467
4473
4485
4493
4495
4509
4513
4516
4535
4542
4764
4785
4786
4806
4965
4971
4979
4980
4984
5183
5191
5204
5209
5386
5404
5422
5434
5436
5459
5482
5490
5721
5788
5798
5814
5902
5915
5923
5934
5936
5938
5941
5945
5956
5961
5975
5993
5999
6033
6035
6046
6048
6080
6081
6118
6125
6135
6357
6546
6578
6592
6640
6667
6716
6777
6852
6856
6893
6896
6898
6928
7045
7058
7108
7110
7163
7172
7217
7223
7235
7241
7255
7318
7629
7677
7963
8050
8349
8636
8643
8670
8967
9147
9535
9854
9862
9931
10323
10410
10422
10522
10828
10831
10895
10904
11432
11472
11624
12283
12334
12812
12874
12935
12978
12988
13002
13373
13393
13427
13488
13929
14197
15029
15612
16478
17228
17789
17821
18366
18445
19063
19943
20412
20739
20818
1
2
3
4
5
6
7
8
9
10
11
12
13
14
15
16
17
18
19
20
21
22
23
24
25
26
27
28
29
30
31
32
33
34
35
36
37
38
39
40
41
42
43
44
45
46
47
48
49
50
51
52
53
54
55
57
58
60
61
62
63
64
65
66
67
68
69
70
71
72
73
74
75
76
77
78
79
80
81
82
83
84
85
86
87
88
89
90
91
92
93
94
95
96
97
98
99
100
102
103
104
105
106
107
108
109
110
111
112
113
114
115
118
119
120
121
122
123
124
125
126
127
128
129
130
131
132
133
134
135
138
139
140
141
144
145
146
147
148
149
150
151
152
156
157
158
159
162
163
164
165
166
167
168
169
170
171
172
173
174
177
180
181
182
185
188
189
190
191
192
193
194
197
198
199
200
201
202
203
207
211
212
213
214
215
216
217
218
219
220
221
222
223
224
225
228
229
233
234
235
236
237
240
241
242
243
244
245
246
247
248
249
250
253
254
255
258
259
260
261
262
263
266
267
270
271
274
278
279
280
285
286
287
288
289
290
291
292
293
294
295
301
305
306
307
310
313
316
317
320
321
322
325
326
327
328
329
330
335
339
340
345
349
350
351
352
353
356
357
358
359
360
361
362
363
364
365
366
367
368
369
370
373
374
375
376
377
378
379
382
383
384
385
388
389
390
391
392
397
398
399
402
405
406
407
411
412
413
414
415
419
420
421
422
423
424
425
426
427
430
431
432
433
437
440
443
444
445
446
447
448
449
450
451
452
453
454
458
461
462
463
464
467
468
472
473
474
477
484
485
486
487
491
492
493
494
495
499
500
504
507
510
511
515
518
519
526
527
528
529
530
531
532
533
534
535
536
540
546
547
550
551
552
560
563
566
569
570
574
575
578
581
582
583
584
585
590
593
594
595
598
599
600
601
602
603
604
605
606
609
612
613
614
620
623
624
625
631
636
639
643
644
647
648
649
650
658
662
663
664
670
671
674
678
681
686
689
692
693
697
698
702
706
709
710
715
719
724
725
726
729
730
731
732
733
737
738
739
740
743
748
752
755
758
759
760
763
764
765
766
769
770
771
772
775
776
783
784
788
789
793
794
799
802
811
816
820
825
826
827
828
829
830
837
838
846
847
848
852
856
860
863
866
870
871
875
880
881
882
885
894
895
904
908
913
914
917
918
921
922
923
924
925
928
929
930
931
932
933
936
937
942
943
947
948
953
954
955
956
960
964
968
969
975
976
979
980
982
983
984
990
991
992
993
994
995
998
1001
1002
1003
1010
1011
1012
1018
1019
1024
1027
1032
1033
1034
1035
1038
1042
1051
1054
1058
1061
1062
1065
1069
1073
1074
1077
1081
1085
1090
1094
1100
1106
1110
1115
1118
1121
1125
1128
1134
1138
1139
1142
1145
1150
1163
1167
1168
1169
1181
1188
1192
1203
1208
1209
1217
1218
1219
1222
1228
1234
1241
1242
1245
1248
1256
1257
1258
1261
1266
1269
1277
1284
1289
1290
1294
1300
1301
1302
1308
1311
1319
1320
1321
1334
1345
1350
1354
1355
1359
1368
1374
1379
1382
1383
1392
1398
1401
1402
1403
1409
1410
1413
1416
1421
1424
1430
1435
1444
1452
1455
1462
1463
1464
1468
1477
1483
1484
1495
1499
1503
1513
1514
1519
1526
1535
1538
1541
1550
1555
1561
1562
1563
1567
1568
1577
1580
1586
1587
1588
1599
1600
1601
1602
1603
1610
1618
1619
1629
1633
1644
1647
1652
1653
1661
1662
1665
1666
1667
1668
1669
1670
1678
1679
1691
1692
1704
1709
1724
1725
1729
1730
1733
1738
1748
1749
1750
1753
1754
1758
1762
1763
1764
1768
1781
1785
1786
1797
1798
1815
1816
1819
1830
1834
1843
1844
1853
1858
1865
1870
1875
1876
1883
1892
1900
1904
1905
1913
1914
1915
1924
1928
1929
1943
1966
1974
1980
1987
1993
2008
2015
2019
2022
2030
2036
2039
2043
2044
2045
2061
2076
2077
2091
2097
2110
2118
2133
2145
2149
2150
2155
2156
2160
2164
2172
2188
2197
2198
2203
2218
2221
2228
2232
2233
2234
2238
2243
2247
2256
2257
2277
2280
2284
2285
2288
2294
2303
2316
2321
2322
2325
2329
2330
2333
2348
2356
2366
2372
2379
2387
2388
2397
2398
2432
2445
2468
2483
2490
2497
2510
2511
2512
2531
2553
2568
2584
2585
2588
2589
2595
2608
2612
2616
2617
2623
2631
2632
2643
2648
2660
2664
2676
2688
2709
2712
2727
2744
2747
2771
2798
2816
2822
2832
2835
2840
2849
2858
2859
2878
2882
2895
2896
2904
2913
2937
2938
2967
2980
2990
3000
3004
3010
3011
3020
3035
3048
3062
3068
3083
3086
3087
3099
3120
3143
3146
3147
3165
3177
3200
3205
3212
3225
3231
3232
3267
3295
3302
3326
3330
3347
3362
3368
3388
3393
3402
3417
3421
3439
3446
3458
3471
3497
3522
3535
3555
3599
3634
3655
3673
3711
3732
3760
3807
3810
3829
3845
3855
3891
3926
3943
3956
3991
4006
4034
4080
4160
4175
4197
4207
4232
4360
4365
4366
4422
4458
4480
4558
4590
4718
4725
4733
4783
4806
4834
4926
4935
4998
5157
5160
5240
5281
5338
5625
5626
5745
5758
5764
5843
5866
5993
6245
6250
6382
6527
6938
1
2
3
4
5
6
7
8
9
10
11
12
13
14
15
16
17
18
19
20
21
22
23
24
25
26
27
28
29
30
31
32
33
34
35
36
37
38
39
40
41
42
43
44
45
46
47
48
49
50
51
52
53
54
55
57
58
60
61
62
63
64
65
66
67
68
69
70
71
72
73
74
75
76
77
78
79
80
81
82
83
84
85
86
87
88
89
90
91
92
93
94
95
96
97
98
99
100
102
103
104
105
106
107
108
109
110
111
112
113
114
115
117
118
119
120
121
122
123
124
125
126
127
128
129
130
131
132
133
134
136
137
138
139
141
142
143
144
145
146
147
148
149
151
152
153
154
156
157
158
159
160
161
162
163
164
165
166
167
168
170
172
173
174
176
178
179
180
181
182
183
184
186
187
188
189
190
191
192
194
196
197
198
199
200
201
202
203
204
205
206
207
208
209
210
212
213
215
216
217
218
219
221
222
223
224
225
226
230
231
232
233
234
239
240
241
243
244
245
246
247
248
250
251
253
254
256
258
259
260
262
263
264
265
266
267
268
269
270
271
274
278
280
281
282
284
286
289
290
291
292
293
295
296
297
298
299
300
301
303
304
306
309
310
311
312
313
315
318
319
320
321
322
323
324
325
326
327
328
329
330
332
334
335
336
337
338
339
340
342
343
344
345
348
349
350
351
352
353
354
355
357
359
360
361
365
367
368
369
370
372
373
374
375
376
377
378
379
380
382
383
384
385
386
390
392
393
394
395
396
397
398
399
400
401
402
404
405
407
408
409
410
413
414
418
419
420
423
425
426
427
428
431
432
439
440
441
443
444
446
448
450
451
452
454
455
460
461
462
463
464
465
466
467
469
470
471
473
476
477
484
485
486
488
490
492
494
495
496
497
498
501
502
503
506
507
510
515
516
517
519
520
521
522
523
524
525
526
527
529
531
532
533
534
537
538
539
540
544
546
548
549
552
553
554
555
559
560
561
566
569
570
572
575
577
579
581
584
585
588
589
591
594
596
597
602
604
607
608
609
613
614
615
616
617
620
621
622
623
628
631
633
635
637
638
639
642
643
644
645
649
650
652
653
656
657
658
659
661
662
665
668
670
671
675
678
679
681
682
684
685
686
687
693
694
695
696
697
698
701
703
705
707
709
710
712
718
719
720
721
724
725
728
731
732
733
735
736
738
739
740
741
742
744
746
747
749
753
754
755
756
757
759
761
762
767
768
769
770
772
773
781
783
785
786
788
789
792
796
797
801
802
803
804
805
806
808
811
812
813
819
820
822
825
826
829
834
841
842
843
844
846
849
856
858
861
864
866
868
871
874
875
879
885
887
891
893
898
900
903
907
908
909
911
913
919
922
923
927
930
935
942
945
946
947
953
958
959
970
972
973
980
981
985
991
1000
1003
1004
1005
1009
1011
1013
1014
1015
1019
1022
1023
1030
1032
1035
1039
1041
1042
1045
1046
1050
1051
1055
1056
1057
1070
1071
1072
1074
1077
1078
1084
1085
1087
1092
1097
1105
1112
1113
1117
1118
1121
1122
1123
1124
1126
1127
1129
1131
1138
1145
1151
1153
1154
1155
1157
1162
1163
1164
1169
1172
1176
1178
1179
1182
1183
1186
1188
1192
1201
1202
1206
1207
1208
1210
1211
1217
1224
1226
1227
1229
1242
1243
1245
1246
1247
1250
1260
1261
1262
1269
1286
1288
1289
1295
1298
1299
1300
1301
1302
1304
1305
1306
1308
1309
1318
1319
1321
1326
1327
1328
1329
1331
1338
1341
1344
1346
1354
1360
1363
1367
1372
1381
1383
1384
1390
1394
1396
1408
1409
1414
1416
1422
1425
1426
1433
1437
1439
1449
1451
1452
1453
1455
1467
1468
1471
1472
1473
1482
1485
1486
1487
1496
1497
1500
1502
1505
1507
1511
1512
1517
1526
1535
1538
1543
1545
1548
1549
1550
1551
1553
1554
1558
1566
1579
1582
1591
1593
1601
1602
1606
1610
1611
1615
1619
1629
1632
1634
1636
1638
1645
1646
1656
1666
1667
1668
1669
1676
1678
1682
1684
1702
1703
1704
1706
1709
1710
1715
1717
1723
1724
1734
1738
1742
1744
1751
1755
1767
1769
1774
1778
1779
1786
1787
1798
1815
1820
1823
1826
1828
1841
1849
1856
1860
1866
1871
1882
1884
1893
1895
1897
1907
1908
1912
1913
1916
1920
1922
1952
1965
1976
2004
2014
2020
2026
2032
2045
2059
2061
2081
2087
2108
2115
2117
2121
2163
2168
2171
2172
2181
2193
2196
2214
2219
2237
2255
2279
2280
2292
2297
2322
2338
2362
2370
2388
2395
2402
2430
2434
2450
2453
2454
2456
2468
2478
2488
2496
2503
2505
2510
2515
2525
2528
2537
2538
2545
2548
2557
2579
2581
2589
2608
2609
2615
2628
2659
2672
2677
2679
2682
2684
2752
2759
2761
2766
2768
2773
2793
2795
2842
2859
2873
2898
2926
2935
2937
2954
2964
3038
3067
3095
3113
3125
3145
3159
3163
3176
3298
3342
3421
3485
3497
3504
3505
3516
3559
3593
3599
3718
3725
3730
3791
3810
3815
3829
3900
3901
3908
3909
3920
3961
4082
4085
4234
4296
4370
4508
4509
4592
4610
4627
4659
4884
70451
255873
386974
